chr19	3020366	3055845	2	2	0	0	1	46
chr19	3034462	3035299	2	2	0	2	0	75
chr19	3034472	3035309	2	2	0	1	0	43
chr19	3083563	3084099	1	1	0	1	0	37
chr19	3083563	3093987	1	1	0	5	0	72
chr19	3205655	3205790	0	0	0	6	0	35
chr19	3261636	3261974	2	2	1	8	0	63
chr19	3262145	3264810	2	2	1	9	0	72
chr19	3265666	3266335	2	2	1	10	0	72
chr19	3266460	3267241	2	2	1	8	0	65
chr19	3267337	3268297	2	2	1	9	0	71
chr19	3268417	3268659	2	2	1	11	0	70
chr19	3268843	3271525	2	2	1	2	0	35
chr19	3271701	3272887	2	2	1	6	0	75
chr19	3273036	3274355	2	2	1	11	0	66
chr19	3274557	3276755	2	2	1	11	0	74
chr19	3276920	3279532	2	2	1	15	0	68
chr19	3279631	3279806	2	2	1	10	0	68
chr19	3279997	3281418	2	2	1	12	0	71
chr19	3281589	3282700	2	2	1	7	0	69
chr19	3283172	3284759	1	1	1	86	0	58
chr19	3284818	3285309	1	1	1	64	0	58
chr19	3285396	3286874	1	1	1	79	0	75
chr19	3287039	3287702	1	1	1	100	0	53
chr19	3287756	3288983	1	1	1	105	0	53
chr19	3287756	3288987	1	1	0	1	0	59
chr19	3289088	3290976	1	1	1	72	0	75
chr19	3323375	3349188	1	1	1	47	1	71
chr19	3349343	3352484	1	1	1	80	0	74
chr19	3352625	3356316	1	1	1	73	1	74
chr19	3353888	3356316	1	1	0	1	0	25
chr19	3356489	3358175	1	1	1	63	0	74
chr19	3358278	3362084	1	1	1	78	0	74
chr19	3362223	3364477	1	1	1	91	0	75
chr19	3362223	3365674	1	1	0	1	0	70
chr19	3364556	3365674	1	1	1	109	1	75
chr19	3365783	3366329	1	1	1	93	1	75
chr19	3366418	3368854	1	1	1	100	1	72
chr19	3369051	3370706	1	1	1	70	0	73
chr19	3370896	3371571	1	1	1	84	0	74
chr19	3371678	3375092	1	1	1	104	0	75
chr19	3375210	3376410	1	1	1	64	0	75
chr19	3376576	3378367	1	1	1	88	1	75
chr19	3378503	3380016	1	1	1	86	0	75
chr19	3380170	3381609	1	1	1	78	0	73
chr19	3381724	3381931	1	1	1	87	0	75
chr19	3382025	3383754	1	1	1	129	0	75
chr19	3457052	3459360	2	2	1	106	1	74
chr19	3457052	3459746	2	2	0	1	0	18
chr19	3459481	3459746	2	2	1	35	1	39
chr19	3459481	3464544	2	2	1	42	1	73
chr19	3459765	3464544	2	2	1	30	1	18
chr19	3464690	3466492	2	2	0	1	0	34
chr19	3464696	3466492	2	2	1	102	0	72
chr19	3466600	3467140	2	2	1	93	0	74
chr19	3467295	3469640	2	2	1	84	0	75
chr19	3469763	3470970	2	2	1	87	0	74
chr19	3471102	3471978	2	2	1	88	0	63
chr19	3472034	3473768	2	2	1	91	0	56
chr19	3473816	3478277	2	2	1	23	0	47
chr19	3473816	3484830	2	2	1	4	0	47
chr19	3473849	3478277	2	2	0	5	0	73
chr19	3473849	3484830	2	2	0	4	0	70
chr19	3473867	3478277	2	2	1	63	0	73
chr19	3473867	3484830	2	2	1	8	0	64
chr19	3478365	3484830	2	2	1	85	0	73
chr19	3478365	3484839	2	2	0	2	0	45
chr19	3484917	3486975	2	2	1	112	0	75
chr19	3487092	3490773	2	2	1	101	0	65
chr19	3490839	3492365	2	2	1	94	0	66
chr19	3492516	3493885	2	2	1	93	1	74
chr19	3494039	3496521	2	2	1	72	1	70
chr19	3494054	3496521	2	2	0	1	0	12
chr19	3496652	3507241	2	2	1	67	0	75
chr19	3496652	3511928	2	2	0	3	0	52
chr19	3507356	3511928	2	2	1	67	0	74
chr19	3512042	3514653	2	2	1	89	1	66
chr19	3514720	3518244	2	2	1	92	0	66
chr19	3514720	3521733	2	2	0	2	0	66
chr19	3514720	3526701	2	2	0	1	0	50
chr19	3518383	3521714	2	2	0	2	0	62
chr19	3518383	3521733	2	2	1	58	0	75
chr19	3521921	3526701	2	2	1	64	0	72
chr19	3526935	3527570	2	2	1	1	0	42
chr19	3526935	3544107	2	2	1	84	1	74
chr19	3526935	3575640	2	2	1	17	0	75
chr19	3527676	3544107	2	2	1	1	0	20
chr19	3529746	3544107	2	2	0	1	0	42
chr19	3544256	3575640	2	2	1	71	0	75
chr19	3585292	3586382	2	2	1	20	0	74
chr19	3586481	3590973	2	2	1	30	0	71
chr19	3591114	3591615	2	2	1	23	0	75
chr19	3591853	3593515	2	2	1	42	0	75
chr19	3593627	3597243	2	2	1	36	0	75
chr19	3597141	3597243	2	2	0	1	0	30
chr19	3597481	3600672	2	2	1	18	0	71
chr19	3600799	3602234	2	2	1	21	0	73
chr19	3602445	3604001	2	2	1	23	0	75
chr19	3604193	3605285	2	2	1	20	0	75
chr19	3605495	3610038	2	4	1	23	1	70
chr19	3610239	3612197	2	2	1	28	0	75
chr19	3612522	3614225	2	2	1	28	0	73
chr19	3614411	3615652	2	2	1	25	0	72
chr19	3615880	3620014	2	2	1	20	0	74
chr19	3620305	3622509	2	2	1	20	0	75
chr19	3622727	3628272	2	2	1	35	0	75
chr19	3628445	3630073	2	2	1	35	0	75
chr19	3630471	3647527	2	2	1	23	0	68
chr19	3647660	3649403	2	2	1	27	0	71
chr19	3649601	3652132	2	2	1	47	0	72
chr19	3652331	3659243	2	2	1	31	0	71
chr19	3659641	3686354	2	2	1	11	0	67
chr19	3690001	3706645	2	2	0	1	0	57
chr19	3708437	3714403	1	1	1	24	0	75
chr19	3708437	3714406	1	1	0	2	0	69
chr19	3708437	3715637	1	1	0	1	0	71
chr19	3714626	3715637	1	1	1	17	0	69
chr19	3715803	3716490	1	1	1	15	0	74
chr19	3752061	3762017	2	2	0	3	3	57
chr19	3752061	3771351	2	2	0	0	2	24
chr19	3752061	3854715	2	2	0	0	3	43
chr19	3767731	3768021	1	1	1	3	0	65
chr19	3768341	3777461	1	1	0	4	0	51
chr19	3768341	3777464	1	1	0	2	0	48
chr19	3768341	3782219	1	1	1	18	0	60
chr19	3768341	3783593	1	1	0	1	0	21
chr19	3768341	3786388	1	1	1	17	0	72
chr19	3768341	3786563	1	1	0	1	0	40
chr19	3768341	3793067	1	1	1	1	0	24
chr19	3768341	3802074	1	1	0	1	0	65
chr19	3777513	3782219	1	3	1	11	0	56
chr19	3782280	3782755	1	1	1	9	0	60
chr19	3782280	3783593	1	1	0	4	0	52
chr19	3782280	3786388	1	1	1	5	0	62
chr19	3782853	3783593	1	1	0	1	0	45
chr19	3782853	3783595	1	1	0	1	0	18
chr19	3782853	3786388	1	1	1	3	0	66
chr19	3783776	3786388	1	1	0	7	0	74
chr19	3786628	3793067	1	1	1	62	0	75
chr19	3793216	3796639	1	1	1	47	0	69
chr19	3793216	3802074	1	1	1	6	0	70
chr19	3796709	3802074	1	1	1	50	0	69
chr19	3799542	3803030	2	2	0	1	0	59
chr19	3802241	3802787	1	1	1	38	0	71
chr19	3802898	3804394	1	1	1	44	0	75
chr19	3802898	3814114	1	1	0	1	0	61
chr19	3804562	3804768	1	1	0	1	0	32
chr19	3804562	3804813	1	1	1	48	0	20
chr19	3804834	3804916	1	1	1	53	0	20
chr19	3805054	3807224	1	1	1	61	0	74
chr19	3807422	3814114	1	1	1	38	0	72
chr19	3831706	3854715	2	2	0	1	2	44
chr19	3852414	3864647	1	1	1	42	0	67
chr19	3864760	3871002	1	1	1	9	0	59
chr19	3864760	3875734	1	1	1	18	0	55
chr19	3864760	3884471	1	1	1	6	0	70
chr19	3864760	3885859	1	1	0	1	0	21
chr19	3871063	3875734	1	1	1	2	0	54
chr19	3875472	3875734	1	1	1	1	0	54
chr19	3875789	3881997	1	1	1	2	0	74
chr19	3875789	3884471	1	1	1	34	0	70
chr19	3882121	3884471	1	1	1	2	0	55
chr19	3884586	3885859	1	1	1	63	0	71
chr19	3885994	3886361	1	1	1	38	0	75
chr19	3886467	3887388	1	1	1	57	0	59
chr19	3887448	3889022	1	1	1	64	0	59
chr19	3889111	3889879	1	1	1	43	0	75
chr19	3889989	3892106	1	1	1	49	0	73
chr19	3889989	3892123	1	1	0	3	0	74
chr19	3892214	3892709	1	1	1	51	0	75
chr19	3892792	3893347	1	1	1	70	0	71
chr19	3896193	3896269	2	2	1	5	0	71
chr19	3896448	3896603	2	2	1	6	0	75
chr19	3896722	3896794	2	2	1	11	0	74
chr19	3896903	3897037	2	2	1	17	0	65
chr19	3897170	3897467	2	2	1	8	0	72
chr19	3897170	3897582	2	2	0	1	0	15
chr19	3897682	3897757	2	2	1	10	0	73
chr19	3897877	3898547	2	2	1	17	0	59
chr19	3898639	3898717	2	2	1	14	0	67
chr19	3898876	3898979	2	2	1	16	0	75
chr19	3899120	3901890	2	2	1	11	0	75
chr19	3902036	3902343	2	2	1	9	0	71
chr19	3902557	3902630	2	2	1	10	0	73
chr19	3902725	3902881	2	2	1	4	0	75
chr19	3902965	3903045	2	2	1	6	0	58
chr19	3903173	3903339	2	2	1	7	0	70
chr19	3903429	3903508	2	2	1	16	0	68
chr19	3903730	3904216	2	2	1	8	0	72
chr19	3904296	3904584	2	2	1	13	0	69
chr19	3904706	3907018	2	2	1	6	0	75
chr19	3909075	3909152	2	2	1	107	0	75
chr19	3909282	3910897	2	2	1	108	0	75
chr19	3911071	3911160	2	2	1	107	0	75
chr19	3911257	3911565	2	2	1	170	0	68
chr19	3911598	3911688	2	2	0	6	0	32
chr19	3911617	3911688	2	2	1	162	0	51
chr19	3911747	3912202	2	2	0	1	0	29
chr19	3911747	3912466	2	2	1	10	0	58
chr19	3911747	3912469	2	2	0	2	0	58
chr19	3911747	3912709	2	2	0	109	0	58
chr19	3912632	3935761	1	1	0	1	0	57
chr19	3914085	3915293	2	2	1	82	1	72
chr19	3915394	3918041	2	2	1	89	1	75
chr19	3918209	3918475	2	2	0	3	0	38
chr19	3918209	3918602	2	2	1	52	0	73
chr19	3918990	3920796	2	2	1	54	0	70
chr19	3919637	3920763	1	1	0	1	0	25
chr19	3920797	3921182	2	2	0	1	0	60
chr19	3920879	3921182	2	2	1	56	0	75
chr19	3921249	3921472	2	2	0	2	0	16
chr19	3921269	3921472	2	2	1	53	0	75
chr19	3921594	3921696	2	2	1	67	0	75
chr19	3921808	3923738	2	2	1	35	0	75
chr19	3923902	3929695	2	2	1	25	0	55
chr19	3923902	3930715	2	2	0	13	0	74
chr19	3935353	3935761	1	1	1	47	0	71
chr19	3935904	3936268	1	1	1	58	0	74
chr19	3936423	3941519	1	1	1	42	0	75
chr19	3936423	3941884	1	1	0	4	0	66
chr19	3941682	3941884	1	1	1	32	0	72
chr19	3942018	3942348	1	1	1	50	0	74
chr19	3942443	3942693	1	1	1	32	0	75
chr19	3942819	3943528	1	1	1	54	0	73
chr19	3943712	3944022	1	1	1	34	0	69
chr19	3944297	3947006	1	1	1	46	0	75
chr19	3947126	3948627	1	1	1	47	0	73
chr19	3966020	3966371	1	1	1	1	0	48
chr19	3979617	3980005	1	1	1	1	0	50
chr19	3986612	3986822	1	1	0	5	0	51
chr19	3986612	3987050	1	1	0	1	0	25
chr19	3986952	3987050	1	1	0	4	0	56
chr19	3987306	3987730	1	1	1	27	0	74
chr19	3987924	3988137	1	1	1	23	0	70
chr19	3988232	3988397	1	1	1	13	0	64
chr19	3988506	3988605	1	1	1	14	0	74
chr19	3988716	3989652	1	1	1	11	0	75
chr19	4000848	4001195	1	1	1	13	0	70
chr19	4000848	4001627	1	1	0	1	0	27
chr19	4001329	4001627	1	1	1	25	0	70
chr19	4001706	4001795	1	1	1	25	0	69
chr19	4001852	4003442	1	1	0	1	0	56
chr19	4002399	4002809	1	3	0	1	0	57
chr19	4003402	4003510	1	1	1	1	0	16
chr19	4003815	4003944	1	1	1	4	0	68
chr19	4004025	4004095	1	1	1	1	0	51
chr19	4004168	4004322	1	1	1	2	0	45
chr19	4004433	4004512	1	1	1	4	0	20
chr19	4004649	4004762	1	1	1	4	0	54
chr19	4004817	4006109	1	1	1	1	0	3
chr19	4006268	4006357	1	1	1	3	0	71
chr19	4006440	4006551	1	1	1	5	0	64
chr19	4006649	4006718	1	1	1	4	0	70
chr19	4007666	4007769	2	2	1	71	0	75
chr19	4007916	4008047	2	2	1	129	0	74
chr19	4008130	4008342	2	2	1	162	0	75
chr19	4008510	4008593	2	2	1	111	0	73
chr19	4008807	4009343	2	2	1	120	0	75
chr19	4009530	4009825	2	2	0	2	0	62
chr19	4009534	4009825	2	2	1	138	0	73
chr19	4010010	4011101	2	2	1	159	1	75
chr19	4011273	4011345	2	2	1	156	0	74
chr19	4011425	4012550	2	2	1	1	0	39
chr19	4011429	4012550	2	2	1	192	0	75
chr19	4011429	4012577	2	2	1	1	0	4
chr19	4035662	4035823	2	2	1	317	357	75
chr19	4035932	4036687	2	2	1	523	8	75
chr19	4036792	4037103	2	2	1	282	25	75
chr19	4037192	4037289	2	2	1	434	106	74
chr19	4037192	4037291	2	2	0	1	0	57
chr19	4037397	4037584	2	2	1	532	0	39
chr19	4037472	4037584	2	2	0	2	0	36
chr19	4037621	4037862	2	2	1	388	0	36
chr19	4040540	4040707	2	2	1	27	357	75
chr19	4040816	4040981	2	2	1	4	8	64
chr19	4041086	4041397	2	2	1	11	25	58
chr19	4041486	4041583	2	2	1	21	106	73
chr19	4041691	4041902	2	2	1	2	0	29
chr19	4041939	4042566	2	2	0	2	0	36
chr19	4042672	4045923	2	2	0	1	0	15
chr19	4081608	4082659	1	1	1	4	0	17
chr19	4082868	4084086	1	1	0	1	0	32
chr19	4082868	4084877	1	1	1	9	0	31
chr19	4084246	4084877	1	1	1	1	0	31
chr19	4084909	4085558	1	1	1	10	0	31
chr19	4085694	4086217	1	1	1	8	0	35
chr19	4086328	4086447	1	1	1	7	0	71
chr19	4086596	4087110	1	1	1	3	0	16
chr19	4086596	4087215	1	1	1	1	0	7
chr19	4097213	4097323	2	2	0	1	0	44
chr19	4097508	4097816	1	1	1	50	0	73
chr19	4097734	4097816	1	1	1	4	0	36
chr19	4097908	4098004	1	1	1	6	0	67
chr19	4097918	4098004	1	1	1	38	0	74
chr19	4098138	4098497	1	1	1	57	1	75
chr19	4100214	4101143	1	1	1	110	0	74
chr19	4100515	4101143	1	1	1	2	0	59
chr19	4101263	4101851	1	1	0	1	0	26
chr19	4101263	4102672	1	1	1	113	0	75
chr19	4102888	4102974	1	1	1	137	0	75
chr19	4103097	4103260	1	1	1	99	0	75
chr19	4103486	4104813	1	1	1	63	0	70
chr19	4105141	4105229	1	1	1	76	1	75
chr19	4105141	4105246	1	1	0	1	0	13
chr19	4105326	4105414	1	1	1	103	1	75
chr19	4105326	4105417	1	1	0	1	0	74
chr19	4105523	4106563	1	1	1	99	0	63
chr19	4106626	4106711	1	3	1	81	0	67
chr19	4106630	4106711	1	1	0	3	0	66
chr19	4106630	4107785	1	1	0	2	0	67
chr19	4106963	4107785	1	1	1	82	0	73
chr19	4107105	4107785	1	1	0	1	0	43
chr19	4107962	4108085	1	1	0	4	0	64
chr19	4107976	4108085	1	1	1	52	0	74
chr19	4108194	4108422	1	1	1	44	0	74
chr19	4108304	4108422	1	1	0	1	0	68
chr19	4108581	4108664	1	1	1	120	1	74
chr19	4108868	4109825	1	1	1	103	0	75
chr19	4109997	4110494	1	1	1	108	0	75
chr19	4110660	4110841	1	1	1	127	0	75
chr19	4110660	4110947	1	1	1	6	0	43
chr19	4110991	4111075	1	1	0	1	0	31
chr19	4110991	4111078	1	1	1	117	0	74
chr19	4111190	4111581	1	1	1	119	0	73
chr19	4111618	4111865	1	1	0	1	0	36
chr19	4111699	4111865	1	1	1	80	0	75
chr19	4112015	4112100	1	1	1	81	0	74
chr19	4112222	4112326	1	1	0	3	0	70
chr19	4112251	4112326	1	1	1	124	0	74
chr19	4112511	4112661	1	1	1	1	0	63
chr19	4112511	4112747	1	1	1	51	1	75
chr19	4112877	4113484	1	1	1	84	0	75
chr19	4112877	4113554	1	1	0	2	0	53
chr19	4114797	4115080	2	2	1	80	0	75
chr19	4115217	4115319	2	2	0	1	0	63
chr19	4115223	4115319	2	2	1	111	0	75
chr19	4115497	4115981	2	2	1	134	0	75
chr19	4116171	4118086	2	2	1	110	1	73
chr19	4116171	4121335	2	2	0	1	0	28
chr19	4118267	4121335	2	2	1	167	1	75
chr19	4121546	4125729	2	2	1	8	0	46
chr19	4121546	4125777	2	2	1	2	0	61
chr19	4126041	4126041	0	0	1	42	0	75
chr19	4126201	4126535	1	1	0	2	0	43
chr19	4126201	4126708	1	1	0	1	0	44
chr19	4126201	4127056	1	1	1	42	0	74
chr19	4126679	4127056	1	1	0	2	0	61
chr19	4127122	4127549	1	1	1	35	0	68
chr19	4127133	4127549	1	1	1	7	0	73
chr19	4127640	4127759	1	1	1	42	0	73
chr19	4127640	4131228	1	1	1	1	0	13
chr19	4127837	4131030	1	1	1	9	0	45
chr19	4127837	4131228	1	1	1	31	1	54
chr19	4131076	4131228	1	1	1	17	0	45
chr19	4131283	4131361	1	1	1	48	1	56
chr19	4136016	4136113	2	2	1	1	0	14
chr19	4148723	4149341	1	1	1	7	0	62
chr19	4148730	4149341	1	1	0	25	0	73
chr19	4148737	4149341	1	1	1	57	0	74
chr19	4149545	4149862	1	1	1	68	0	75
chr19	4149986	4150089	1	1	1	95	0	75
chr19	4149986	4150265	1	1	0	4	0	75
chr19	4150090	4150265	1	1	0	1	0	69
chr19	4150220	4150439	1	1	1	98	0	75
chr19	4150220	4150481	1	1	0	1	0	31
chr19	4150622	4150706	1	1	1	120	0	75
chr19	4150626	4150706	1	1	0	2	0	74
chr19	4150827	4151394	1	1	1	106	0	75
chr19	4150827	4152521	1	1	0	1	0	64
chr19	4151500	4151579	1	1	1	192	0	75
chr19	4151703	4152521	1	1	0	1	0	50
chr19	4151726	4152521	1	1	1	112	0	73
chr19	4152580	4153226	1	1	1	92	0	58
chr19	4153452	4153596	1	1	0	1	0	68
chr19	4153491	4153596	1	1	1	87	0	71
chr19	4157200	4157481	2	2	1	54	0	74
chr19	4157560	4157681	2	2	0	1	0	47
chr19	4157595	4157681	2	2	1	44	0	73
chr19	4157790	4157878	2	2	1	42	0	74
chr19	4157957	4158065	2	2	1	33	0	74
chr19	4158129	4158609	2	2	1	35	0	63
chr19	4158364	4158609	2	2	1	1	0	50
chr19	4158367	4158609	2	2	0	1	0	75
chr19	4158718	4158828	2	4	1	32	0	73
chr19	4158920	4159002	2	2	1	49	0	75
chr19	4159094	4159226	2	2	1	40	0	73
chr19	4159328	4159402	2	2	1	38	0	63
chr19	4159328	4161067	2	2	0	1	0	50
chr19	4159461	4161067	2	2	1	34	0	58
chr19	4159706	4161067	2	2	1	3	0	10
chr19	4161216	4162259	2	2	1	36	0	74
chr19	4162329	4162602	2	2	1	33	0	69
chr19	4162724	4162821	2	2	1	37	0	41
chr19	4162863	4163167	2	2	1	33	0	48
chr19	4166565	4169527	2	2	1	3	0	65
chr19	4169809	4169898	2	2	1	1	0	51
chr19	4170131	4170825	2	2	1	3	0	70
chr19	4170912	4170995	2	2	1	2	0	14
chr19	4171171	4171411	2	2	1	2	0	16
chr19	4171742	4172583	1	1	1	1	0	29
chr19	4171900	4172145	2	2	1	3	0	55
chr19	4172236	4172958	2	2	1	2	0	21
chr19	4173221	4175004	2	2	1	4	0	27
chr19	4175032	4175393	2	2	1	3	0	27
chr19	4185074	4185351	2	2	1	1	0	28
chr19	4188132	4188245	2	2	1	3	0	43
chr19	4189055	4189212	2	2	0	1	0	69
chr19	4189320	4189405	2	2	1	2	0	56
chr19	4189514	4189863	2	2	1	1	0	51
chr19	4189964	4190663	2	2	1	3	0	57
chr19	4190836	4191018	2	2	1	3	0	57
chr19	4192262	4192694	2	2	0	1	0	57
chr19	4192272	4192744	1	1	1	686	1	75
chr19	4192272	4192749	1	1	0	1	0	67
chr19	4192877	4193021	1	1	1	618	0	75
chr19	4192877	4193117	1	1	0	1	0	21
chr19	4193253	4193766	1	1	1	515	1	75
chr19	4193253	4193835	1	1	0	2	0	36
chr19	4193872	4194466	1	1	1	465	0	75
chr19	4194691	4194771	1	1	1	427	0	75
chr19	4194907	4194981	1	1	1	633	0	75
chr19	4196083	4196180	2	2	1	19	0	72
chr19	4196383	4197112	2	2	1	29	0	70
chr19	4197251	4197338	2	2	1	23	0	65
chr19	4197404	4197476	2	2	1	17	0	65
chr19	4197587	4197670	2	2	1	9	0	68
chr19	4197781	4200271	2	2	1	8	0	68
chr19	4200372	4200464	2	2	1	7	0	57
chr19	4200580	4200928	2	2	1	16	0	67
chr19	4201058	4201328	2	2	1	11	0	72
chr19	4201248	4201328	2	2	0	1	0	43
chr19	4201400	4201482	2	2	1	15	0	75
chr19	4214501	4220177	1	1	1	2	0	56
chr19	4215166	4220177	1	1	0	1	0	24
chr19	4220345	4221600	1	1	0	2	0	73
chr19	4220345	4222073	1	1	1	2	0	65
chr19	4232189	4232462	1	1	1	45	0	75
chr19	4232553	4232747	1	1	1	63	0	71
chr19	4232860	4233213	1	1	1	75	0	75
chr19	4262633	4263546	2	2	1	13	0	74
chr19	4263818	4263907	2	2	1	21	0	71
chr19	4263985	4264313	2	2	0	1	0	58
chr19	4264109	4264313	2	2	1	10	0	73
chr19	4264461	4265102	2	2	1	10	0	47
chr19	4265150	4265291	2	2	1	10	0	47
chr19	4265421	4265609	2	2	1	8	0	65
chr19	4265704	4265809	2	2	1	9	0	50
chr19	4265999	4266106	2	2	1	4	0	40
chr19	4266173	4266374	2	2	1	7	0	47
chr19	4266447	4266521	2	2	1	8	0	53
chr19	4266638	4267746	2	2	1	11	0	62
chr19	4267979	4268544	2	2	1	5	0	56
chr19	4268586	4269014	2	2	1	8	0	41
chr19	4270550	4270793	2	2	1	15	0	73
chr19	4270550	4270947	2	2	0	1	0	40
chr19	4270886	4270965	2	2	1	22	0	67
chr19	4271130	4271218	2	2	1	24	0	58
chr19	4271219	4271441	2	2	0	1	0	47
chr19	4271334	4271441	2	2	0	1	0	19
chr19	4271336	4271441	2	2	1	22	0	60
chr19	4271600	4272569	2	2	1	15	0	73
chr19	4272701	4272799	2	2	1	33	0	64
chr19	4272862	4273010	2	2	0	3	0	62
chr19	4272862	4273020	2	2	1	27	0	62
chr19	4273103	4273535	2	4	1	19	0	67
chr19	4273603	4280536	2	2	1	10	0	67
chr19	4280727	4280936	2	2	1	23	0	71
chr19	4281081	4281162	2	2	1	18	0	46
chr19	4281209	4281917	2	2	1	14	0	46
chr19	4282043	4282168	2	2	1	13	0	54
chr19	4282305	4282880	2	2	1	22	0	62
chr19	4287265	4287352	2	2	1	131	0	75
chr19	4287464	4287557	2	2	0	6	0	67
chr19	4287467	4287557	2	2	1	190	0	75
chr19	4287695	4287822	2	2	1	179	0	75
chr19	4287986	4288411	2	2	1	86	0	73
chr19	4287986	4288591	2	2	1	31	0	68
chr19	4288508	4288591	2	2	1	100	0	68
chr19	4288659	4289312	2	2	1	129	1	67
chr19	4289414	4289672	2	2	1	109	0	68
chr19	4289740	4289897	2	2	1	162	0	67
chr19	4289740	4290073	2	2	0	2	0	51
chr19	4290006	4290073	2	2	1	139	0	75
chr19	4290169	4290394	2	2	1	157	0	75
chr19	4290526	4290603	2	2	1	170	0	74
chr19	4290683	4290771	2	2	1	154	0	75
chr19	4290872	4291238	2	2	1	100	0	75
chr19	4290872	4291589	2	2	0	1	0	48
chr19	4291331	4291589	2	2	1	152	0	54
chr19	4291642	4292169	2	2	1	144	0	56
chr19	4292232	4292361	2	2	1	131	0	62
chr19	4292437	4292543	2	2	1	104	0	75
chr19	4292646	4292766	2	2	1	125	1	75
chr19	4292841	4294849	2	2	1	116	1	74
chr19	4294927	4305901	2	2	1	125	1	74
chr19	4319282	4320151	2	2	1	81	0	75
chr19	4320368	4320897	2	2	1	100	0	75
chr19	4321057	4322386	2	2	1	96	0	74
chr19	4322551	4324336	2	2	1	80	0	73
chr19	4322551	4324785	2	2	0	1	0	37
chr19	4325047	4326808	2	2	1	56	0	75
chr19	4326561	4326808	2	2	0	1	0	14
chr19	4326899	4328127	2	2	1	59	0	75
chr19	4326899	4328952	2	2	0	1	0	44
chr19	4328260	4328952	2	2	1	71	0	75
chr19	4329223	4331185	2	2	1	76	0	74
chr19	4331270	4332440	2	2	1	2	0	45
chr19	4331270	4333642	2	2	1	24	0	72
chr19	4331270	4342846	2	2	1	37	0	73
chr19	4332486	4333642	2	2	1	2	0	19
chr19	4343242	4345517	2	2	1	36	0	72
chr19	4345645	4348645	2	2	1	31	0	72
chr19	4348762	4350176	2	2	1	48	0	75
chr19	4350306	4351736	2	2	1	2	0	62
chr19	4350331	4351736	2	2	1	54	0	75
chr19	4351831	4352267	2	2	1	32	0	75
chr19	4352375	4356747	2	2	1	44	0	75
chr19	4356927	4361537	2	2	1	67	0	47
chr19	4356927	4396310	2	2	0	1	0	38
chr19	4361585	4361976	2	2	1	56	0	48
chr19	4362056	4362775	2	2	1	39	0	75
chr19	4362915	4368965	2	2	0	1	0	64
chr19	4362915	4379774	2	2	0	1	0	64
chr19	4362915	4394791	2	2	1	51	0	64
chr19	4362915	4396310	2	2	0	1	0	43
chr19	4369041	4394791	2	2	0	2	0	54
chr19	4394893	4396310	2	2	1	35	0	74
chr19	4394893	4397933	2	2	1	1	0	46
chr19	4394893	4432054	2	2	0	1	0	55
chr19	4426257	4426626	2	2	1	4	0	74
chr19	4426762	4432054	2	2	1	11	0	73
chr19	4432165	4432767	2	2	1	19	0	73
chr19	4432856	4439219	2	2	1	18	0	68
chr19	4510582	4515653	1	1	1	60	0	37
chr19	4515691	4601599	1	1	1	85	0	39
chr19	4601736	4601864	1	1	1	60	0	75
chr19	4602050	4602209	1	1	1	41	0	75
chr19	4602376	4602473	1	1	1	41	0	75
chr19	4602620	4602757	1	1	1	63	0	75
chr19	4602876	4603059	1	1	1	61	0	69
chr19	4603212	4604464	1	1	1	76	0	75
chr19	4604584	4607531	1	1	1	44	0	75
chr19	4607695	4609863	1	1	1	49	0	74
chr19	4610047	4617579	1	1	1	59	0	75
chr19	4612639	4613155	2	2	1	44	0	75
chr19	4614470	4614962	2	2	0	1	0	73
chr19	4614515	4614962	2	2	1	33	0	74
chr19	4615458	4615592	2	2	0	3	0	52
chr19	4615458	4615875	2	2	0	1	0	59
chr19	4617725	4617964	1	1	1	76	0	73
chr19	4618055	4618141	1	1	1	70	0	74
chr19	4618521	4618957	1	1	1	45	0	74
chr19	4619199	4619319	1	1	1	55	0	74
chr19	4619570	4619779	1	1	1	59	0	74
chr19	4620025	4620113	1	1	1	34	0	72
chr19	4620294	4620366	1	1	1	57	0	75
chr19	4620616	4620819	1	1	1	43	0	74
chr19	4620961	4621039	1	1	1	47	0	74
chr19	4623183	4623500	2	2	0	1	0	24
chr19	4623243	4623500	2	2	1	67	0	75
chr19	4623564	4623825	2	2	1	56	0	64
chr19	4623577	4623825	2	2	1	5	0	68
chr19	4623898	4624013	2	2	1	64	0	71
chr19	4624152	4624684	2	2	1	2	0	5
chr19	4624182	4624659	2	2	1	6	0	42
chr19	4624182	4624684	2	2	1	44	0	75
chr19	4624764	4625012	2	2	1	39	0	74
chr19	4625093	4625192	2	2	1	14	0	70
chr19	4625097	4625181	2	2	0	1	0	26
chr19	4625097	4625192	2	2	1	35	0	75
chr19	4625296	4625432	2	2	1	46	0	75
chr19	4649844	4651812	1	1	0	1	0	34
chr19	4724804	4725900	1	1	1	1	0	25
chr19	4725993	4726139	1	1	1	2	0	48
chr19	4726221	4726581	1	1	1	2	0	75
chr19	4729490	4731273	1	1	1	1	0	10
chr19	4734910	4737341	1	1	1	4	0	29
chr19	4737480	4737810	1	1	1	2	0	6
chr19	4738568	4739106	1	1	1	2	0	19
chr19	4739310	4739590	1	1	1	2	0	39
chr19	4739682	4739852	1	1	1	2	0	60
chr19	4740000	4742332	1	1	1	3	0	22
chr19	4742597	4744047	1	1	1	3	0	22
chr19	4744273	4744465	1	1	1	4	0	47
chr19	4744556	4745108	1	1	1	4	0	65
chr19	4745370	4745457	1	1	1	1	0	53
chr19	4745589	4745779	1	1	1	2	0	54
chr19	4747957	4748058	1	1	1	2	0	62
chr19	4748198	4748593	1	1	1	2	0	75
chr19	4749135	4749401	1	1	1	1	0	53
chr19	4749545	4749633	1	1	1	1	0	36
chr19	4749710	4749782	1	1	1	1	0	50
chr19	4749834	4750020	1	1	1	2	0	50
chr19	4756662	4757245	1	1	1	29	0	75
chr19	4757670	4760012	1	1	1	2	0	30
chr19	4757670	4761976	1	1	1	20	0	75
chr19	4762623	4765343	1	1	0	1	0	48
chr19	4762648	4765343	1	1	1	9	0	73
chr19	4776989	4787360	2	2	0	1	0	39
chr19	4784781	4792397	2	2	0	1	0	29
chr19	4785568	4787360	2	2	1	31	0	75
chr19	4785568	4792397	2	2	1	2	0	66
chr19	4785592	4792397	2	2	0	1	0	18
chr19	4788043	4792397	2	2	1	26	0	67
chr19	4792821	4793671	2	2	1	24	0	70
chr19	4792821	4793815	2	2	1	27	0	73
chr19	4792821	4793826	2	2	1	3	0	58
chr19	4792821	4793925	2	2	1	1	0	16
chr19	4794010	4802550	2	2	0	2	0	19
chr19	4794010	4811171	2	2	1	9	0	70
chr19	4801806	4802550	2	2	1	41	0	75
chr19	4802083	4802550	2	2	0	1	0	37
chr19	4804016	4808083	2	2	0	1	0	56
chr19	4804016	4811171	2	2	1	62	0	74
chr19	4808237	4811171	2	2	0	1	0	40
chr19	4825665	4825769	2	2	1	20	0	73
chr19	4825874	4825943	2	2	1	41	0	69
chr19	4826022	4832832	2	2	1	28	0	61
chr19	4826022	4838830	2	2	0	1	0	64
chr19	4832894	4833340	2	2	1	21	0	70
chr19	4833519	4834172	2	2	1	30	0	62
chr19	4834311	4838830	2	2	1	39	0	73
chr19	4838904	4839196	2	2	1	35	0	75
chr19	4862236	4862323	2	2	1	2	0	28
chr19	4863315	4863409	2	2	1	3	0	60
chr19	4864154	4864424	2	2	1	1	0	33
chr19	4869444	4870911	2	2	1	2	0	68
chr19	4870994	4871081	2	2	1	1	0	37
chr19	4871161	4871596	2	2	1	1	0	14
chr19	4871685	4871770	2	2	1	1	0	49
chr19	4878737	4880120	1	1	1	1	0	26
chr19	4878806	4880120	1	1	1	4	0	72
chr19	4879030	4880120	1	1	1	14	0	73
chr19	4880399	4883475	1	1	1	10	0	55
chr19	4890759	4890989	2	2	1	6	0	62
chr19	4891077	4891652	2	2	1	5	0	61
chr19	4891788	4892887	2	2	1	13	0	67
chr19	4893022	4894260	2	2	1	14	0	72
chr19	4894420	4894961	2	2	1	17	0	65
chr19	4895032	4897279	2	2	1	6	0	55
chr19	4897439	4897573	2	2	1	4	0	62
chr19	4897695	4899199	2	2	1	9	0	65
chr19	4899307	4900490	2	2	1	7	0	71
chr19	4900623	4902842	2	2	1	11	0	71
chr19	4902916	4903013	2	2	1	12	0	39
chr19	4903053	4903145	2	2	1	13	0	40
chr19	4903193	4903701	2	2	1	14	2	48
chr19	4903975	4905984	2	2	1	12	0	35
chr19	4906020	4906141	2	2	1	10	0	35
chr19	4906219	4906555	2	2	1	7	0	74
chr19	4907798	4909845	2	2	1	70	0	75
chr19	4910009	4913772	2	2	1	79	0	74
chr19	4913871	4914579	2	2	0	1	0	64
chr19	4913953	4914579	2	2	1	97	0	75
chr19	4914701	4914809	2	2	1	108	0	71
chr19	4914935	4915018	2	2	1	128	0	64
chr19	4915082	4916278	2	2	1	147	1	63
chr19	4916372	4916697	2	2	1	175	1	75
chr19	4916811	4916891	2	2	1	119	0	75
chr19	4917087	4917871	2	2	1	87	0	61
chr19	4917931	4918019	2	2	1	70	0	60
chr19	4918151	4918244	2	2	1	84	0	75
chr19	4918376	4921140	2	2	1	102	0	75
chr19	4921235	4922321	2	2	1	107	0	75
chr19	4921235	4923066	2	2	0	1	0	31
chr19	4922397	4923066	2	2	1	119	0	75
chr19	4923205	4923683	2	2	1	123	0	75
chr19	4923774	4926784	2	2	1	86	1	75
chr19	4926967	4928219	2	2	0	2	0	37
chr19	4927060	4927947	2	2	0	1	0	19
chr19	4927060	4928062	2	2	0	1	0	35
chr19	4927060	4928219	2	2	1	33	0	59
chr19	4932868	4934366	2	2	1	1	0	44
chr19	4934556	4934902	2	2	1	2	0	46
chr19	4962516	4962878	1	1	1	87	0	75
chr19	4962975	4963325	1	1	1	92	0	72
chr19	4963420	4963505	1	1	1	80	0	75
chr19	4963666	4964673	1	1	1	73	0	73
chr19	4963690	4964673	1	1	0	6	0	73
chr19	4987185	4987314	2	2	1	1	0	37
chr19	4987888	4988074	2	2	1	1	0	73
chr19	5024278	5024510	1	1	1	20	0	75
chr19	5024278	5026027	1	1	0	4	0	62
chr19	5024593	5026027	1	1	1	14	0	66
chr19	5024593	5026357	1	1	0	2	0	63
chr19	5026189	5026357	1	1	1	15	0	67
chr19	5026498	5027024	1	1	1	9	0	63
chr19	5026498	5027342	1	1	0	1	0	35
chr19	5027160	5027342	1	1	1	28	0	72
chr19	5027441	5027679	1	1	1	29	0	73
chr19	5027765	5028840	1	1	1	11	0	69
chr19	5028972	5029211	1	1	1	8	0	70
chr19	5028972	5029251	1	1	0	5	0	64
chr19	5029321	5029408	1	1	1	18	0	75
chr19	5029495	5030287	1	1	1	10	0	62
chr19	5029495	5031001	1	1	0	1	0	56
chr19	5030491	5031001	1	1	1	19	0	73
chr19	5040033	5040306	1	1	1	108	0	75
chr19	5040033	5040372	1	1	0	3	0	52
chr19	5041491	5042604	1	1	0	1	0	63
chr19	5041491	5043522	1	1	0	1	0	34
chr19	5041491	5045892	1	1	1	67	0	74
chr19	5041612	5045892	1	1	0	3	0	69
chr19	5046039	5046135	1	1	1	52	0	74
chr19	5046227	5046393	1	1	1	52	0	75
chr19	5046522	5046649	1	1	1	45	0	75
chr19	5046730	5046814	1	1	1	53	0	74
chr19	5046912	5047391	1	1	1	69	0	74
chr19	5047485	5048001	1	1	0	1	0	19
chr19	5047485	5048508	1	1	1	53	0	66
chr19	5048574	5048772	1	1	0	1	0	63
chr19	5048574	5048992	1	1	1	36	0	65
chr19	5049033	5049406	1	1	1	36	0	40
chr19	5050872	5051073	1	1	1	3	0	59
chr19	5050872	5051084	1	1	0	1	0	71
chr19	5050942	5051073	1	1	1	7	0	75
chr19	5050942	5051200	1	1	1	1	0	42
chr19	5051255	5051353	1	1	1	16	0	72
chr19	5051469	5051557	1	1	1	11	0	74
chr19	5051631	5051740	1	1	1	8	0	66
chr19	5051631	5051773	1	1	1	2	0	59
chr19	5051833	5051975	1	1	1	14	0	66
chr19	5052717	5052969	1	1	1	13	0	67
chr19	5053276	5053598	1	1	1	7	0	74
chr19	5053731	5053855	1	1	1	15	0	71
chr19	5054008	5054788	1	1	1	12	0	67
chr19	5071112	5071654	2	2	1	4	0	72
chr19	5071895	5072128	2	2	0	2	0	22
chr19	5083102	5085297	2	2	1	44	0	75
chr19	5085759	5089418	1	1	0	3	0	71
chr19	5088749	5089418	1	1	1	165	0	75
chr19	5089631	5089771	1	1	1	142	0	72
chr19	5089877	5089942	1	1	0	1	0	29
chr19	5089877	5090003	1	1	1	242	0	75
chr19	5090083	5091367	1	1	1	138	0	59
chr19	5090083	5091540	1	1	0	1	0	53
chr19	5091426	5091540	1	1	1	131	0	58
chr19	5091697	5092098	1	1	0	1	0	71
chr19	5091697	5092128	1	1	1	136	0	71
chr19	5091697	5092301	1	1	0	1	0	30
chr19	5092223	5092285	1	1	0	1	0	16
chr19	5092223	5092301	1	1	1	124	0	74
chr19	5093498	5093671	2	2	1	36	0	75
chr19	5093816	5093919	2	2	1	35	0	71
chr19	5094033	5094283	2	2	1	44	0	48
chr19	5094332	5094705	2	2	0	3	0	48
chr19	5094332	5094731	2	2	1	35	0	48
chr19	5094801	5098182	2	2	1	36	0	69
chr19	5094801	5100723	2	2	0	2	0	60
chr19	5100573	5100666	2	2	1	315	0	75
chr19	5100799	5104640	2	2	1	266	1	75
chr19	5101867	5104640	2	2	0	2	0	74
chr19	5104737	5104832	2	2	1	338	1	75
chr19	5104929	5105177	2	2	1	361	1	73
chr19	5104956	5105177	2	2	0	2	0	33
chr19	5105251	5106924	2	2	1	297	0	74
chr19	5108689	5109102	2	2	1	48	0	59
chr19	5109161	5109300	2	2	1	43	0	58
chr19	5109426	5109492	2	2	1	51	0	72
chr19	5109643	5109732	2	2	1	68	0	75
chr19	5109842	5110196	2	2	1	73	0	75
chr19	5109842	5110366	2	2	0	1	0	35
chr19	5110265	5110366	2	2	1	63	0	51
chr19	5110417	5111137	2	2	1	58	1	51
chr19	5110468	5111137	2	2	0	1	0	72
chr19	5111238	5111364	2	2	1	63	1	72
chr19	5111527	5111618	2	2	0	1	0	38
chr19	5111539	5111618	2	2	1	37	0	74
chr19	5111721	5111825	2	2	1	58	0	75
chr19	5111914	5112717	2	2	1	56	0	74
chr19	5112941	5113780	2	2	1	50	0	70
chr19	5113851	5113940	2	2	1	56	0	70
chr19	5114172	5117193	2	2	1	38	0	72
chr19	5117433	5118121	2	2	1	42	0	74
chr19	5117470	5118121	2	2	1	36	1	73
chr19	5135026	5135119	2	2	1	36	0	75
chr19	5135240	5136692	2	2	1	41	0	73
chr19	5136920	5138929	2	2	1	38	0	75
chr19	5139066	5139279	2	2	1	47	0	43
chr19	5139323	5141159	2	2	1	41	0	43
chr19	5141203	5141606	2	2	1	47	0	56
chr19	5141710	5142243	2	2	1	28	0	73
chr19	5142355	5142515	2	2	1	34	0	75
chr19	5142671	5143350	2	2	1	37	0	74
chr19	5143458	5143774	2	2	1	27	0	67
chr19	5143880	5144799	2	2	1	28	0	73
chr19	5144936	5145070	2	2	1	44	0	71
chr19	5145187	5147126	2	2	1	44	0	56
chr19	5147208	5152258	2	2	0	1	0	35
chr19	5147208	5152273	2	2	1	45	0	75
chr19	5152368	5152659	2	2	1	46	0	74
chr19	5152821	5153663	2	2	1	45	0	61
chr19	5153724	5155688	2	2	1	52	0	60
chr19	5155770	5155855	2	2	1	48	0	75
chr19	5155948	5156356	2	2	1	30	0	68
chr19	5156502	5159967	2	2	1	34	0	72
chr19	5156502	5167923	2	2	0	1	0	42
chr19	5160094	5160717	2	2	1	34	0	74
chr19	5160808	5167923	2	2	1	31	0	72
chr19	5168012	5190784	2	2	0	1	0	18
chr19	5168012	5272538	2	2	1	31	0	73
chr19	5190850	5229273	2	2	0	1	0	65
chr19	5272739	5272781	2	4	0	1	0	64
chr19	5274528	5274791	2	2	1	221	0	75
chr19	5274978	5275063	2	2	1	232	0	75
chr19	5275164	5279268	2	2	1	227	0	75
chr19	5279371	5279469	2	2	1	235	0	75
chr19	5279613	5279841	2	2	1	234	0	75
chr19	5279950	5283642	2	2	1	212	0	74
chr19	5283751	5283857	2	2	1	318	0	75
chr19	5283948	5284574	2	2	1	202	0	75
chr19	5284725	5286188	2	2	1	257	0	75
chr19	5286417	5286576	2	2	1	199	0	75
chr19	5286652	5286810	2	2	0	3	0	45
chr19	5286658	5286810	2	2	1	224	0	74
chr19	5286949	5287068	2	2	1	213	0	75
chr19	5287285	5287534	2	2	1	208	0	75
chr19	5287627	5287909	2	2	1	197	0	75
chr19	5287627	5288303	2	2	0	1	0	21
chr19	5287971	5288303	2	2	0	1	0	43
chr19	5288007	5288303	2	2	1	204	0	75
chr19	5288411	5291304	2	2	0	9	0	72
chr19	5288414	5291304	2	2	1	141	0	73
chr19	5291423	5293079	2	2	1	184	0	75
chr19	5293320	5294298	2	2	1	362	0	74
chr19	5294377	5295040	2	2	1	262	0	49
chr19	5295088	5295261	2	2	1	253	0	47
chr19	5298501	5302435	1	1	1	2	0	22
chr19	5302672	5306723	1	1	1	2	0	49
chr19	5365159	5365817	2	2	1	123	0	75
chr19	5365159	5366567	2	2	0	4	0	60
chr19	5365957	5366262	2	2	1	2	0	63
chr19	5365957	5366433	2	2	0	2	0	62
chr19	5365957	5366567	2	2	1	142	0	75
chr19	5367211	5368057	1	1	1	39	0	72
chr19	5367211	5368421	1	1	0	3	0	40
chr19	5368277	5368421	1	1	1	44	0	71
chr19	5368531	5368616	1	1	1	38	0	73
chr19	5368726	5368894	1	1	1	43	0	48
chr19	5368943	5369925	1	1	1	35	0	48
chr19	5380136	5380219	2	2	1	17	0	68
chr19	5380342	5380437	2	2	1	27	0	73
chr19	5380528	5380980	2	2	1	30	0	75
chr19	5381117	5381209	2	2	1	24	0	71
chr19	5381301	5381665	2	2	1	17	0	70
chr19	5381754	5381960	2	2	1	21	0	67
chr19	5382061	5382185	2	2	0	3	0	59
chr19	5382072	5382185	2	2	1	29	0	75
chr19	5382360	5382714	2	2	1	26	0	60
chr19	5382858	5382939	2	2	1	29	0	71
chr19	5383074	5383154	2	2	1	30	0	73
chr19	5383074	5383222	2	2	0	1	0	57
chr19	5383280	5383619	2	2	1	15	0	71
chr19	5383827	5383934	2	2	1	30	0	73
chr19	5384078	5384163	2	2	1	55	0	75
chr19	5384264	5384369	2	2	1	39	0	70
chr19	5384448	5384617	2	2	1	35	0	74
chr19	5384724	5384822	2	2	1	41	0	71
chr19	5384950	5385462	2	2	1	31	1	56
chr19	5385519	5385811	2	2	1	34	0	56
chr19	5385870	5388314	2	2	1	33	0	58
chr19	5390198	5390608	2	2	1	1	0	7
chr19	5390728	5390913	2	2	1	1	0	4
chr19	5394454	5399912	2	2	0	1	0	39
chr19	5422976	5423330	2	2	1	5	0	71
chr19	5423026	5423330	2	2	1	139	0	74
chr19	5423420	5423559	2	2	1	158	0	75
chr19	5423636	5423771	2	2	0	1	0	38
chr19	5423654	5423771	2	2	1	135	0	75
chr19	5423675	5423771	2	2	1	4	0	37
chr19	5423892	5424181	2	2	1	128	0	75
chr19	5424276	5424360	2	2	1	130	1	74
chr19	5424434	5424672	2	2	1	138	3	73
chr19	5425309	5425936	1	1	1	2	0	44
chr19	5425309	5425950	1	1	1	19	0	69
chr19	5460779	5460960	1	1	1	49	0	66
chr19	5461160	5461389	1	1	1	14	0	71
chr19	5461517	5462531	1	1	1	35	0	72
chr19	5462633	5463170	1	1	1	37	0	74
chr19	5463305	5463603	1	1	1	22	0	75
chr19	5463326	5463603	1	1	1	10	0	75
chr19	5463713	5463786	1	1	1	27	0	64
chr19	5463851	5464128	1	1	1	20	0	66
chr19	5464216	5464333	1	1	1	23	0	72
chr19	5464432	5464924	1	1	1	21	0	75
chr19	5474324	5475407	1	1	0	1	0	49
chr19	5474775	5475060	1	1	1	3	0	43
chr19	5475179	5475407	1	1	1	7	0	49
chr19	5475457	5476065	1	1	1	7	0	50
chr19	5476273	5477561	1	1	1	14	0	65
chr19	5477685	5477926	1	1	1	9	0	74
chr19	5478044	5478200	1	1	1	6	0	70
chr19	5478321	5479801	1	1	0	1	0	63
chr19	5478321	5480029	1	1	1	3	0	52
chr19	5480150	5480233	1	1	1	10	0	66
chr19	5480361	5480545	1	1	1	18	0	71
chr19	5480742	5481560	1	1	1	11	0	74
chr19	5483030	5483107	2	2	1	4	0	51
chr19	5483192	5483454	2	2	1	3	0	50
chr19	5483559	5483634	2	2	1	3	0	61
chr19	5483764	5483929	2	2	1	2	0	75
chr19	5484026	5484112	2	2	1	2	0	75
chr19	5484230	5484858	2	2	1	5	0	57
chr19	5484957	5485038	2	2	1	4	0	60
chr19	5485161	5485257	2	2	1	7	0	73
chr19	5485354	5485487	2	2	1	10	0	70
chr19	5485626	5486028	2	2	1	7	0	71
chr19	5486115	5486279	2	2	1	6	0	64
chr19	5486349	5486486	2	2	1	4	0	65
chr19	5486589	5487024	2	2	1	9	0	62
chr19	5487108	5487761	2	2	1	8	0	60
chr19	5487892	5487987	2	2	1	7	0	75
chr19	5490603	5492496	1	1	1	505	1	75
chr19	5491049	5492496	1	1	0	4	0	73
chr19	5492805	5493154	1	1	1	936	1	75
chr19	5493232	5493380	1	1	1	765	0	73
chr19	5495649	5495896	2	2	1	9	0	69
chr19	5495983	5496057	2	2	1	4	0	43
chr19	5496218	5496315	2	2	1	6	0	67
chr19	5496403	5496985	2	2	1	4	0	40
chr19	5497026	5497289	2	2	1	7	0	40
chr19	5497026	5497446	2	2	0	1	0	48
chr19	5497366	5497446	2	2	1	5	0	57
chr19	5497553	5497674	2	2	1	16	0	73
chr19	5497780	5497904	2	2	1	7	0	67
chr19	5498029	5498179	2	2	1	6	0	72
chr19	5498302	5498395	2	2	1	6	0	61
chr19	5498507	5498719	2	2	1	12	0	71
chr19	5498825	5510332	2	2	1	8	0	60
chr19	5531659	5549678	1	1	1	1	0	7
chr19	5568084	5568439	1	1	0	3	0	50
chr19	5568608	5568703	1	1	1	4	0	45
chr19	5602081	5602192	1	1	1	6	0	59
chr19	5602375	5602449	1	1	1	4	0	49
chr19	5602570	5602823	1	1	1	5	0	67
chr19	5603553	5603633	2	2	1	24	0	75
chr19	5603716	5603829	2	2	1	32	0	75
chr19	5603990	5604093	2	2	0	1	0	73
chr19	5603990	5605371	2	2	1	32	0	75
chr19	5605466	5605542	2	2	1	27	0	68
chr19	5605684	5607550	2	2	1	45	0	75
chr19	5607613	5607715	2	2	0	1	0	14
chr19	5607641	5607715	2	2	1	29	0	74
chr19	5607641	5607821	2	2	0	2	0	61
chr19	5607965	5608254	2	2	1	40	0	75
chr19	5608043	5608254	2	2	0	1	0	46
chr19	5608330	5608637	2	2	1	40	0	73
chr19	5608713	5608801	2	2	1	20	0	69
chr19	5608713	5609235	2	2	0	13	0	70
chr19	5608958	5609235	2	2	1	20	0	70
chr19	5609373	5609462	2	2	1	39	0	69
chr19	5609532	5609851	2	2	1	23	0	68
chr19	5609919	5610017	2	2	1	5	0	18
chr19	5637842	5638431	1	1	1	81	0	27
chr19	5638459	5638550	1	1	1	81	0	67
chr19	5638703	5638854	1	1	1	88	0	74
chr19	5639004	5639858	1	1	1	60	0	75
chr19	5639951	5640302	1	1	1	56	0	72
chr19	5640435	5641180	1	1	1	68	0	69
chr19	5641286	5641463	1	1	1	63	0	74
chr19	5641677	5645324	1	1	1	74	0	73
chr19	5645406	5645512	1	1	1	85	0	75
chr19	5645588	5646593	1	1	0	1	0	17
chr19	5645588	5646799	1	1	1	79	1	75
chr19	5646699	5646799	1	1	0	3	0	72
chr19	5651563	5651635	2	2	1	12	0	69
chr19	5651715	5651905	2	2	1	14	0	55
chr19	5651961	5652044	2	2	1	20	0	56
chr19	5652147	5652260	2	2	1	18	0	67
chr19	5652370	5652454	2	2	1	16	0	74
chr19	5652567	5652654	2	2	1	37	0	68
chr19	5652733	5653998	2	2	0	1	0	72
chr19	5652874	5653998	2	2	1	8	0	73
chr19	5654274	5654546	2	2	1	12	0	75
chr19	5655157	5655257	2	2	1	23	0	75
chr19	5655416	5655687	2	2	1	34	0	73
chr19	5655792	5656153	2	2	1	19	0	73
chr19	5656329	5659333	2	2	1	8	0	63
chr19	5659511	5659595	2	2	1	20	0	71
chr19	5659724	5660313	2	2	1	18	0	66
chr19	5661112	5661595	2	2	1	12	0	31
chr19	5661112	5662753	2	2	0	1	0	67
chr19	5661112	5663603	2	2	1	4	0	74
chr19	5661627	5663603	2	2	1	10	0	31
chr19	5665248	5665328	2	2	1	22	0	69
chr19	5665248	5665707	2	2	0	1	0	16
chr19	5665624	5665707	2	2	0	1	0	45
chr19	5665628	5665707	2	2	1	31	0	73
chr19	5665842	5666149	2	2	1	23	0	75
chr19	5666425	5666508	2	2	1	21	0	74
chr19	5666740	5666834	2	2	1	20	0	75
chr19	5666983	5667148	2	2	1	25	0	70
chr19	5667253	5667378	2	2	1	24	0	72
chr19	5667610	5671522	2	2	1	23	0	71
chr19	5671777	5672446	2	2	1	16	0	62
chr19	5672663	5672757	2	2	1	33	0	59
chr19	5672817	5673224	2	2	1	31	0	60
chr19	5673355	5673479	2	2	1	34	0	65
chr19	5673589	5674876	2	2	1	25	0	75
chr19	5675055	5675359	2	2	1	50	0	71
chr19	5675505	5677124	2	2	1	33	0	74
chr19	5677276	5677405	2	2	1	13	0	69
chr19	5677499	5677619	2	2	1	19	0	75
chr19	5677726	5678642	2	2	1	29	0	74
chr19	5678753	5678911	2	2	1	28	0	72
chr19	5679004	5679359	2	2	1	38	0	66
chr19	5679471	5679569	2	2	1	40	0	75
chr19	5679742	5679967	2	2	1	31	1	34
chr19	5680001	5680242	2	2	1	29	1	33
chr19	5680397	5681431	2	2	1	23	0	72
chr19	5681554	5683276	2	2	1	7	0	69
chr19	5681554	5683306	2	2	1	1	0	46
chr19	5681575	5683276	2	2	0	1	0	48
chr19	5681593	5683276	2	2	1	9	0	75
chr19	5683413	5683787	2	2	1	20	0	74
chr19	5683879	5684289	2	2	1	19	0	74
chr19	5684466	5684548	2	2	0	14	0	74
chr19	5684469	5684548	2	2	1	11	0	75
chr19	5684673	5685091	2	2	1	22	0	68
chr19	5686220	5686430	2	2	1	36	0	75
chr19	5686527	5686626	2	2	1	26	0	46
chr19	5686667	5687118	2	2	1	16	0	40
chr19	5687219	5687450	2	2	1	17	0	70
chr19	5687531	5687996	2	2	0	1	0	60
chr19	5687639	5687996	2	2	1	19	0	73
chr19	5689513	5689688	1	1	1	1	0	38
chr19	5689683	5689857	2	2	0	3	0	52
chr19	5690989	5695160	1	1	1	18	0	70
chr19	5695342	5695496	1	1	1	17	0	66
chr19	5695646	5695731	1	1	1	14	0	54
chr19	5695908	5696006	1	1	1	20	0	74
chr19	5696251	5696683	1	1	1	22	0	75
chr19	5696301	5696683	1	1	0	3	0	49
chr19	5696798	5697343	1	1	1	16	0	71
chr19	5697480	5697557	1	1	1	20	0	69
chr19	5697650	5700589	1	1	1	23	0	75
chr19	5700971	5702006	1	1	1	31	0	72
chr19	5708426	5708555	2	2	1	8	0	63
chr19	5708671	5708757	2	2	1	14	0	61
chr19	5708832	5710210	2	2	1	11	0	74
chr19	5710311	5710573	2	2	1	12	0	70
chr19	5710698	5710792	2	2	1	22	0	57
chr19	5710849	5710968	2	2	1	14	0	56
chr19	5711039	5713810	2	2	0	2	0	28
chr19	5711039	5715795	2	2	1	8	0	71
chr19	5717197	5717661	2	2	1	1	0	66
chr19	5721846	5721956	2	2	1	1	0	45
chr19	5722011	5722645	2	2	1	1	0	20
chr19	5728830	5729236	2	2	1	5	0	64
chr19	5728869	5729236	2	2	1	43	0	73
chr19	5728879	5729236	2	2	1	3	0	71
chr19	5730713	5731240	2	2	1	48	0	70
chr19	5731326	5731438	2	4	1	8	0	70
chr19	5731326	5731443	2	2	1	40	0	73
chr19	5731596	5731675	2	2	1	44	0	39
chr19	5742563	5745439	1	1	1	76	0	75
chr19	5745770	5745917	1	1	1	45	0	75
chr19	5745770	5745968	1	1	0	10	0	74
chr19	5746121	5746298	1	1	1	61	0	74
chr19	5746405	5746642	1	1	1	81	0	74
chr19	5746736	5746900	1	1	1	81	0	75
chr19	5747024	5747412	1	1	1	99	0	75
chr19	5747572	5747670	1	1	1	91	0	75
chr19	5747572	5747673	1	1	0	4	0	62
chr19	5747857	5748574	1	1	1	101	2	17
chr19	5748592	5748665	1	1	1	109	2	19
chr19	5748739	5748869	1	1	1	117	2	73
chr19	5748969	5750948	1	1	1	73	2	75
chr19	5751075	5751171	1	1	1	75	0	75
chr19	5751304	5751398	1	1	1	108	0	75
chr19	5751528	5751753	1	1	1	88	0	73
chr19	5751877	5752018	1	1	1	79	0	75
chr19	5752142	5753632	1	1	1	71	0	75
chr19	5753756	5753928	1	1	1	72	0	71
chr19	5754049	5755545	1	1	1	82	0	74
chr19	5755675	5755931	1	1	1	84	0	75
chr19	5756100	5756246	1	1	1	110	0	74
chr19	5756331	5756583	1	1	1	96	0	74
chr19	5756331	5756613	1	1	0	3	0	38
chr19	5756713	5756793	1	1	1	71	0	73
chr19	5756932	5757034	1	1	0	7	0	66
chr19	5756932	5757310	1	1	1	46	0	73
chr19	5757176	5757310	1	1	0	31	0	65
chr19	5757473	5757546	1	1	1	83	0	73
chr19	5757628	5757710	1	1	1	77	0	75
chr19	5757843	5757914	1	1	0	1	0	38
chr19	5757843	5757940	1	1	1	90	0	72
chr19	5758697	5758799	2	2	1	88	0	69
chr19	5758856	5758939	2	2	0	2	0	56
chr19	5758861	5758939	2	2	1	86	0	62
chr19	5759147	5759270	2	2	1	56	0	74
chr19	5759340	5759664	2	2	0	2	0	19
chr19	5759343	5759664	2	2	1	62	0	72
chr19	5759754	5759980	2	2	0	6	0	74
chr19	5759805	5759980	2	2	1	71	0	74
chr19	5760048	5760712	2	2	0	1	0	41
chr19	5760146	5760532	2	2	1	80	0	75
chr19	5760609	5760712	2	2	1	55	0	74
chr19	5760634	5760712	2	2	0	1	0	48
chr19	5760902	5761652	2	2	1	56	0	74
chr19	5761809	5764668	2	2	1	63	1	75
chr19	5764783	5765309	2	2	1	77	0	74
chr19	5765418	5766157	2	2	1	74	0	75
chr19	5766317	5769468	2	2	1	54	0	75
chr19	5769625	5769720	2	2	1	71	0	74
chr19	5769812	5770202	2	2	1	71	0	75
chr19	5769828	5770202	2	2	0	1	0	29
chr19	5770553	5770642	2	2	0	2	0	59
chr19	5770553	5770722	2	2	1	57	0	73
chr19	5770864	5771219	2	2	1	84	0	73
chr19	5770888	5771219	2	2	0	1	0	18
chr19	5780649	5802093	1	1	0	0	1	28
chr19	5790134	5802093	1	1	0	0	1	28
chr19	5795786	5796388	2	2	1	1	0	41
chr19	5797721	5797818	2	2	0	1	0	63
chr19	5797893	5798035	2	2	0	5	0	70
chr19	5800577	5800700	2	2	0	1	0	36
chr19	5802024	5802065	2	4	1	4	0	5
chr19	5845751	5851000	1	1	1	2	0	69
chr19	5852743	5856584	2	2	1	40	0	72
chr19	5853003	5856584	2	2	0	1	0	57
chr19	5856790	5862250	2	2	1	31	0	75
chr19	5862395	5863223	2	2	1	31	0	74
chr19	5862395	5865068	2	2	0	1	0	15
chr19	5863348	5865068	2	2	1	24	0	70
chr19	5865294	5869436	2	2	1	33	0	69
chr19	5869604	5869735	2	2	1	31	0	60
chr19	5869795	5870010	2	2	1	21	0	59
chr19	5870113	5873168	2	2	1	20	0	75
chr19	5873337	5874709	2	2	1	34	0	75
chr19	5874795	5875090	2	2	1	27	0	75
chr19	5878692	5879848	1	1	1	2	0	52
chr19	5879893	5880084	1	1	1	2	0	44
chr19	5880157	5880439	1	1	1	4	0	46
chr19	5885728	5901216	2	2	0	1	0	32
chr19	5898628	5901212	2	2	0	1	0	50
chr19	5898632	5901216	2	2	1	146	0	75
chr19	5901293	5902103	2	2	0	1	0	71
chr19	5901299	5902103	2	2	1	139	1	75
chr19	5902217	5902362	2	2	1	94	1	71
chr19	5902492	5902630	2	2	1	119	0	75
chr19	5902769	5903730	2	2	1	34	0	42
chr19	5902769	5904239	2	2	1	138	0	75
chr19	5903773	5904239	2	2	1	31	0	42
chr19	5904319	5904453	2	2	1	144	0	75
chr19	5904547	5905388	2	2	1	108	0	75
chr19	5905553	5906523	2	2	1	168	0	75
chr19	5906632	5907000	2	2	1	193	0	75
chr19	5907162	5911910	2	2	0	3	0	52
chr19	5907162	5912740	2	2	1	132	0	72
chr19	5907162	5924763	2	2	0	1	0	41
chr19	5918994	5924763	2	2	1	2	0	7
chr19	5941018	5941995	2	2	1	5	0	75
chr19	5942123	5942349	2	2	1	9	0	60
chr19	5942410	5943222	2	2	1	13	0	51
chr19	5943330	5943554	2	2	1	13	0	60
chr19	5943664	5946469	2	2	1	10	0	72
chr19	5946544	5947703	2	2	1	7	0	39
chr19	5947743	5948401	2	2	1	7	0	39
chr19	5948527	5950445	2	2	1	11	0	49
chr19	5950489	5951141	2	2	1	7	0	43
chr19	5951022	5951141	2	2	0	1	0	57
chr19	5951205	5951630	2	2	1	8	0	63
chr19	5951787	5953064	2	2	1	4	0	71
chr19	5953154	5953690	2	2	1	9	0	72
chr19	5953885	5956007	2	2	1	16	0	61
chr19	5956115	5958817	2	2	1	7	0	40
chr19	5958876	5959032	2	2	1	5	0	58
chr19	5959125	5961090	2	2	1	3	0	56
chr19	5961216	5963825	2	2	1	5	0	23
chr19	5989388	5989991	2	2	1	84	0	59
chr19	5990051	5990337	2	2	1	61	0	59
chr19	5990455	5991538	2	2	1	63	0	71
chr19	5991618	5991855	2	2	1	63	0	69
chr19	5991925	5992349	2	2	1	64	0	65
chr19	5992415	5993873	2	2	1	52	0	58
chr19	5993932	5994020	2	2	1	57	0	58
chr19	5994087	5994559	2	2	1	65	0	40
chr19	5994600	5994678	2	2	1	70	0	40
chr19	5994888	5996778	2	2	1	55	0	14
chr19	5996791	5997690	2	2	1	50	0	66
chr19	5997867	6007251	2	2	1	72	0	75
chr19	6007413	6007499	2	2	1	52	0	74
chr19	6007458	6008675	2	2	0	1	0	12
chr19	6007575	6008675	2	2	1	68	0	69
chr19	6008762	6009086	2	2	1	66	0	63
chr19	6009171	6011014	2	2	1	84	0	75
chr19	6011184	6011296	2	2	1	50	0	74
chr19	6011431	6013588	2	2	1	52	0	72
chr19	6013708	6013995	2	2	1	67	1	71
chr19	6014066	6014200	2	2	1	75	1	71
chr19	6014268	6015735	2	2	0	1	0	68
chr19	6014422	6015105	2	2	0	1	0	58
chr19	6014469	6015105	2	2	1	44	0	73
chr19	6014469	6015735	2	2	1	31	0	75
chr19	6014469	6015881	2	2	0	1	0	43
chr19	6044884	6046658	2	2	0	1	0	43
chr19	6046982	6047916	1	1	1	17	1	72
chr19	6047129	6047916	1	1	1	134	0	75
chr19	6048066	6048274	1	1	1	113	1	75
chr19	6048368	6048454	1	1	1	139	1	75
chr19	6048608	6048694	1	1	1	162	0	49
chr19	6048744	6049149	1	1	1	151	0	56
chr19	6049254	6049770	1	1	1	96	0	74
chr19	6049898	6049991	1	1	1	161	0	74
chr19	6050092	6050169	1	1	1	182	0	68
chr19	6050092	6050173	1	1	0	1	0	64
chr19	6050236	6050324	1	1	1	172	0	68
chr19	6050442	6050521	1	1	1	182	0	75
chr19	6050686	6050940	1	1	1	170	0	74
chr19	6050686	6050973	1	1	0	1	0	30
chr19	6050834	6050940	1	1	0	1	0	45
chr19	6051070	6051154	1	1	1	164	0	75
chr19	6051311	6051392	1	1	1	186	0	75
chr19	6051311	6052327	1	1	0	1	0	61
chr19	6051580	6052327	1	1	1	142	1	75
chr19	6052480	6052547	1	1	1	110	0	75
chr19	6054983	6055075	2	2	1	52	0	75
chr19	6054998	6055075	2	2	0	2	0	72
chr19	6055201	6056928	2	2	1	58	0	75
chr19	6056960	6057408	1	1	0	1	0	75
chr19	6057080	6057658	2	2	1	87	0	75
chr19	6058002	6058227	1	1	0	2	0	38
chr19	6058002	6058242	1	1	1	707	0	75
chr19	6058002	6058245	1	1	1	59	0	72
chr19	6058002	6058274	1	1	0	2	0	24
chr19	6058326	6058427	1	1	1	1554	1	75
chr19	6058330	6058427	1	1	0	7	0	75
chr19	6058573	6059143	1	1	1	1238	0	60
chr19	6058573	6059348	1	1	0	2	0	35
chr19	6059200	6059332	1	1	0	1	0	32
chr19	6059200	6059348	1	1	1	1346	0	58
chr19	6063074	6063323	2	2	1	110	0	74
chr19	6063074	6063526	2	2	0	1	0	30
chr19	6063447	6063526	2	2	1	82	0	75
chr19	6063608	6063821	2	2	1	81	0	75
chr19	6063991	6064078	2	2	1	68	2	70
chr19	6064199	6066237	2	2	0	5	0	64
chr19	6064199	6066310	2	2	1	71	0	75
chr19	6066415	6066498	2	2	1	124	0	75
chr19	6066415	6066967	2	2	0	1	0	34
chr19	6066564	6066967	2	2	1	7	0	56
chr19	6066643	6066967	2	2	0	1	0	55
chr19	6066694	6066967	2	2	1	129	0	56
chr19	6067023	6067122	2	2	1	92	1	62
chr19	6067023	6067668	2	2	1	32	0	56
chr19	6067023	6067777	2	2	0	1	0	25
chr19	6067320	6067668	2	2	1	128	0	75
chr19	6067320	6067777	2	2	1	3	0	62
chr19	6068376	6068854	2	2	1	26	0	75
chr19	6068442	6068854	2	2	1	16	0	74
chr19	6068943	6069025	2	2	1	75	0	75
chr19	6068943	6069464	2	2	0	1	0	27
chr19	6069148	6069398	2	2	0	1	0	39
chr19	6069148	6069464	2	2	1	52	0	71
chr19	6069148	6069518	2	2	0	1	0	34
chr19	6069684	6069857	2	2	1	56	0	75
chr19	6069684	6071561	2	2	0	1	0	63
chr19	6070074	6070438	2	2	1	51	0	73
chr19	6071157	6071265	2	2	1	37	0	75
chr19	6071157	6071561	2	2	0	2	0	55
chr19	6071486	6071561	2	2	1	53	0	75
chr19	6071709	6073502	2	2	1	2	0	34
chr19	6071709	6076362	2	2	1	99	0	75
chr19	6071709	6076950	2	2	1	1	0	32
chr19	6073567	6076362	2	2	1	2	0	58
chr19	6076493	6076950	2	2	1	90	0	75
chr19	6077479	6081846	2	2	1	2	0	29
chr19	6081215	6081846	2	2	1	46	0	75
chr19	6081965	6082180	2	2	1	62	0	75
chr19	6082305	6082398	2	2	0	1	0	41
chr19	6082307	6082398	2	2	0	5	0	62
chr19	6082328	6082398	2	2	1	80	0	74
chr19	6082472	6082584	2	2	1	80	0	73
chr19	6082779	6083948	2	2	1	97	0	75
chr19	6082779	6084351	2	2	1	1	0	5
chr19	6084061	6084351	2	2	1	100	0	75
chr19	6084462	6084645	2	2	1	4	0	51
chr19	6084462	6084772	2	2	1	1	0	30
chr19	6084462	6084794	2	2	1	41	0	74
chr19	6084462	6084863	2	2	1	18	0	73
chr19	6085209	6085397	1	1	1	6	0	69
chr19	6085490	6086401	1	1	1	3	0	66
chr19	6086468	6086551	1	1	1	10	0	36
chr19	6086588	6090050	1	1	1	9	0	36
chr19	6090525	6090647	1	1	1	3	0	59
chr19	6095171	6095367	1	1	0	1	0	50
chr19	6098745	6124844	2	2	0	0	1	49
chr19	6104733	6105918	1	1	0	1	0	25
chr19	6105998	6106085	1	1	1	2	0	41
chr19	6109754	6112152	1	1	1	2	0	70
chr19	6112239	6112328	1	1	1	1	0	32
chr19	6112393	6112474	1	1	1	1	0	55
chr19	6116588	6116689	2	2	0	1	0	18
chr19	6116588	6117177	2	2	0	1	0	72
chr19	6116588	6117796	2	2	1	33	0	74
chr19	6119955	6120485	2	2	1	35	0	74
chr19	6119977	6120485	2	2	0	1	0	75
chr19	6120744	6121378	2	2	1	23	0	75
chr19	6121210	6121378	2	2	0	2	0	47
chr19	6121523	6121782	2	2	1	44	0	73
chr19	6121931	6122039	2	2	1	30	0	71
chr19	6122156	6123829	2	2	1	43	0	74
chr19	6123951	6124152	2	2	1	44	0	38
chr19	6123951	6128048	2	2	1	1	0	12
chr19	6124189	6128048	2	2	1	54	0	36
chr19	6134802	6135978	2	2	1	78	1	72
chr19	6136060	6137477	2	2	1	86	0	70
chr19	6136060	6137729	2	2	0	2	0	55
chr19	6137641	6137729	2	2	1	118	0	75
chr19	6137841	6141036	2	2	1	166	0	75
chr19	6157535	6159403	1	1	0	1	0	75
chr19	6228532	6228941	2	2	1	187	0	75
chr19	6228604	6228941	2	2	0	2	0	25
chr19	6228639	6228941	2	2	0	1	0	61
chr19	6229044	6229221	2	2	1	195	0	75
chr19	6229350	6230155	2	2	1	178	0	75
chr19	6230169	6230385	2	2	0	2	0	13
chr19	6230276	6230385	2	2	1	106	0	51
chr19	6230437	6230501	2	2	1	152	0	54
chr19	6230556	6230906	2	2	1	138	0	54
chr19	6231016	6231115	2	2	1	166	0	61
chr19	6231176	6232269	2	2	1	136	0	60
chr19	6232401	6232527	2	2	1	168	1	75
chr19	6232621	6232766	2	2	1	162	1	75
chr19	6232869	6233776	2	2	1	264	0	75
chr19	6233974	6234455	2	2	0	1	0	44
chr19	6233974	6234632	2	2	1	117	0	75
chr19	6235097	6235511	2	2	0	6	0	73
chr19	6235100	6235511	2	2	1	185	0	74
chr19	6241967	6244426	1	1	1	24	0	75
chr19	6244590	6244686	1	1	1	9	0	73
chr19	6244840	6245045	1	1	1	21	0	74
chr19	6245149	6245458	1	1	1	20	0	71
chr19	6245694	6246303	1	1	1	23	0	66
chr19	6246401	6246487	1	1	1	31	0	71
chr19	6246650	6246751	1	1	1	31	0	74
chr19	6246893	6247638	1	1	1	39	0	72
chr19	6247877	6247962	1	1	1	26	0	72
chr19	6248111	6248196	1	1	1	48	1	74
chr19	6248290	6249771	1	1	1	34	1	73
chr19	6248290	6249811	1	1	0	1	0	14
chr19	6249928	6250023	1	1	1	51	0	74
chr19	6250268	6250412	1	1	1	31	0	71
chr19	6250510	6250595	1	1	1	33	0	75
chr19	6250510	6250600	1	1	0	3	0	58
chr19	6250740	6251258	1	1	0	1	0	52
chr19	6250756	6251258	1	1	1	35	0	74
chr19	6251371	6251487	1	1	0	3	0	61
chr19	6251402	6251487	1	1	1	23	0	75
chr19	6251604	6251689	1	1	0	1	0	58
chr19	6251604	6251705	1	1	1	18	0	75
chr19	6251604	6251717	1	1	0	1	0	73
chr19	6251864	6252426	1	1	1	26	0	75
chr19	6252578	6252689	1	1	1	34	0	75
chr19	6252884	6252987	1	1	1	25	0	55
chr19	6253069	6253333	1	1	1	37	0	70
chr19	6253441	6253523	1	1	1	28	0	74
chr19	6253617	6254342	1	1	0	4	0	40
chr19	6253617	6254358	1	1	1	25	0	68
chr19	6254430	6254589	1	1	1	31	0	71
chr19	6254430	6254650	1	1	0	1	0	16
chr19	6254667	6255100	1	1	1	28	0	75
chr19	6254667	6255408	1	1	0	2	0	72
chr19	6255266	6255408	1	1	1	15	1	73
chr19	6255272	6255408	1	1	1	12	0	72
chr19	6255539	6255618	1	1	1	15	0	70
chr19	6255828	6256167	1	1	1	25	0	71
chr19	6256377	6256551	1	1	1	27	0	65
chr19	6256688	6257438	1	1	1	28	0	75
chr19	6257643	6257776	1	1	1	28	0	68
chr19	6257879	6257962	1	1	1	37	0	66
chr19	6258045	6258133	1	1	1	43	0	70
chr19	6258267	6258360	1	1	1	16	0	66
chr19	6258434	6258550	1	1	1	10	0	52
chr19	6258634	6258863	1	1	1	3	0	19
chr19	38516272	38543071	2	2	0	0	1	44
chr19	52989594	52989716	2	2	0	0	2	22
