ID	IJC_SAMPLE_1	SJC_SAMPLE_1	IJC_SAMPLE_2	SJC_SAMPLE_2	IncFormLen	SkipFormLen
2	1298,590,814,568	4212,2297,3257,2055	467,441,462,602	2314,2470,1956,2762	78	78
3	5,0,14,0	4212,2297,3257,2055	3,2,3,4	2314,2470,1956,2762	78	78
4	13,14,22,12	4,2,13,7	5,21,12,10	6,2,4,7	78	78
5	1,3,2,0	0,0,0,0	5,0,0,0	1,0,0,0	78	78
6	18,19,11,0	37,11,36,29	17,2,6,28	17,18,16,16	78	78
8	8,1,0,3	0,1,0,0	8,7,30,2	1,2,1,1	78	71
9	4,1,0,0	15,18,29,20	7,0,12,3	41,10,27,10	78	78
10	729,439,692,437	533,336,528,343	468,512,345,456	343,330,363,399	78	78
11	63,24,29,20	53,33,52,46	50,59,49,32	50,34,53,34	78	78
12	0,2,0,6	5,0,0,0	0,0,0,0	0,0,5,1	78	78
17	2,0,3,3	157,77,165,94	1,0,6,0	75,131,94,92	78	78
20	0,1,11,2	63,44,70,60	27,21,8,21	305,297,233,272	56	58
24	4,5,6,11	43,32,47,26	9,18,12,4	26,22,18,19	78	78
27	117,67,109,42	187,107,145,125	69,50,47,117	109,162,119,146	78	78
28	17,2,14,17	37,22,33,32	10,17,11,13	17,13,13,28	78	78
29	17,2,14,17	0,0,0,0	10,17,11,13	1,0,1,0	78	78
30	4,0,0,0	0,0,6,0	0,0,0,1	0,4,0,0	78	78
31	2,5,0,0	0,3,15,5	0,0,6,17	3,0,3,3	78	78
33	2,0,0,10	1,9,6,0	3,0,5,2	0,0,0,0	78	78
35	18,11,16,13	16,9,12,11	17,9,11,12	10,25,12,9	78	78
36	16,10,11,18	46,12,38,13	26,13,25,19	11,20,11,14	78	78
40	10,14,28,28	40,38,36,24	39,18,18,8	39,27,30,24	78	78
41	12,7,17,8	100,93,108,54	4,7,7,11	143,96,84,126	78	78
42	88,72,115,27	45,58,59,30	32,39,44,36	87,54,44,80	77	78
43	21,27,51,17	42,55,61,30	19,26,20,28	87,46,44,75	77	78
44	5,14,0,0	8,9,2,3	4,3,0,6	11,0,4,5	78	78
48	46,45,54,19	1,0,4,0	40,30,30,51	0,0,0,0	63	78
51	17,15,6,13	7,5,3,0	0,8,13,22	4,6,1,8	78	78
53	170,113,146,84	266,180,204,124	154,146,93,140	182,192,200,168	78	78
54	1,0,10,0	280,208,264,144	0,0,1,0	221,182,140,179	78	78
55	18,13,13,19	6,0,3,2	24,30,19,30	3,0,1,4	78	78
56	0,1,14,11	3,3,20,3	4,3,0,16	8,8,2,5	78	78
57	5,9,0,12	27,14,17,10	2,4,7,6	11,29,15,6	78	78
58	92,60,64,14	89,50,61,17	29,63,23,17	39,62,34,46	78	78
59	66,49,60,31	46,39,56,25	25,49,40,21	52,33,27,33	78	78
60	386,238,397,214	139,106,216,67	209,239,208,234	127,146,100,96	78	78
63	23,3,28,21	8,4,13,8	13,8,10,10	11,12,6,10	78	78
65	30,15,30,8	32,15,20,2	16,22,14,9	20,28,9,44	78	74
67	116,56,86,68	95,82,59,67	39,31,58,40	76,60,63,65	78	78
68	429,204,318,278	266,184,206,147	205,271,208,235	136,219,146,150	78	78
69	36,36,27,9	33,45,46,44	27,42,48,42	54,35,39,72	78	78
70	37,22,13,29	54,45,82,36	24,24,22,28	58,51,44,53	78	78
71	38,28,36,23	48,25,35,20	19,43,16,29	14,26,35,31	78	78
72	35,22,31,17	37,43,41,13	12,30,9,16	52,35,23,30	78	78
73	155,110,100,78	93,54,86,55	84,122,71,74	67,56,50,54	78	78
74	21,16,12,14	44,23,13,19	12,12,6,11	12,18,12,22	78	78
75	10,0,4,10	9,13,23,1	3,0,2,4	1,0,4,2	78	78
76	94,73,64,61	215,172,189,145	55,76,48,68	182,172,128,139	78	78
77	14,7,3,1	9,7,9,2	3,15,5,5	1,6,20,10	78	78
79	6,3,14,4	0,0,1,0	10,1,4,0	0,4,8,4	78	78
80	2,7,15,11	1,0,0,0	11,7,4,2	0,0,0,0	78	78
81	3,0,7,5	2,7,4,4	1,0,0,0	11,0,4,3	78	78
83	45,36,39,38	54,29,57,38	45,38,30,41	28,25,35,47	78	78
84	8,5,10,2	33,4,9,0	4,1,6,2	3,15,5,14	78	78
85	25,21,32,4	18,5,9,1	15,18,10,12	10,0,2,25	78	62
87	26,12,34,16	21,19,19,12	20,44,19,13	13,17,0,9	76	76
89	27,19,20,9	0,0,5,0	15,9,18,9	3,0,0,4	78	78
90	27,19,20,9	0,0,5,0	15,9,15,9	3,0,0,4	78	78
91	16,18,12,18	113,69,73,65	34,57,51,60	46,73,57,56	78	78
92	16,18,12,18	185,113,126,81	34,57,51,60	51,73,57,56	78	78
93	13,4,14,6	0,0,2,0	6,8,4,3	8,3,9,8	78	78
94	119,95,52,41	132,67,98,80	53,75,66,79	63,98,79,98	78	78
95	30,11,35,20	3,0,0,0	26,8,18,11	0,0,0,0	78	78
96	49,49,38,57	40,42,42,21	36,35,26,30	23,31,7,21	78	78
101	0,0,0,0	1,1,7,0	2,3,0,0	0,0,0,1	78	78
103	0,0,0,0	0,0,0,12	1,0,0,0	0,0,2,0	78	78
104	7,0,3,7	3,4,3,0	0,2,8,6	1,3,4,4	78	78
106	25,42,61,17	57,60,92,40	39,47,36,34	45,34,45,69	78	78
107	80,49,82,30	21,20,23,15	60,39,51,45	17,38,32,27	78	78
108	73,63,60,42	67,23,30,31	39,85,59,47	28,28,18,36	78	78
109	94,69,67,47	1,0,0,0	46,109,69,51	0,0,0,0	78	78
110	31,9,21,13	66,36,58,21	28,26,21,14	43,23,59,34	78	78
112	66,71,38,58	65,46,19,20	61,46,42,45	48,72,50,35	78	78
113	28,26,13,23	44,24,13,21	26,11,19,15	24,20,8,16	78	78
114	27,24,13,20	43,24,21,22	30,11,21,15	11,25,14,15	78	78
115	3,0,0,4	43,24,21,22	4,0,0,6	11,25,14,15	78	78
117	89,42,35,28	1,0,7,0	40,37,22,35	1,0,0,0	78	78
118	48,18,22,11	44,25,17,22	20,17,14,25	11,25,14,15	78	78
120	25,27,2,11	68,53,47,42	25,7,7,12	39,24,41,28	78	78
121	36,9,17,21	6,1,3,0	1,19,14,18	0,0,0,0	78	78
125	76,17,30,29	0,4,9,3	28,32,14,23	3,11,11,11	78	78
126	2,0,0,1	28,29,19,9	0,0,0,0	23,2,11,16	78	78
128	0,0,0,0	2,14,0,0	0,0,4,0	6,3,1,2	78	78
129	40,18,34,26	48,33,36,50	4,21,18,31	24,28,26,48	78	78
130	21,19,19,7	14,8,21,9	10,23,8,8	18,13,12,6	78	78
132	12,21,14,31	3,2,0,4	12,16,21,21	0,0,1,0	78	72
133	26,19,45,12	59,29,52,36	42,36,10,20	51,31,33,39	78	78
134	27,5,10,1	17,7,10,10	10,5,19,10	3,5,2,19	78	78
135	270,173,213,99	169,111,167,107	141,133,137,158	88,123,101,118	78	78
137	9,8,20,4	25,18,4,9	9,11,18,10	27,19,11,8	78	78
141	1,0,0,1	0,0,0,0	1,2,2,0	2,0,0,0	56	68
142	0,0,3,0	0,0,0,0	1,1,2,0	2,0,0,0	56	68
143	3,0,0,0	3,1,7,4	0,0,0,0	0,3,0,8	68	78
144	17,8,23,18	55,52,68,37	26,28,11,17	35,25,34,34	78	78
145	46,24,30,27	2,0,1,0	30,30,30,27	1,0,0,6	78	78
146	34,28,14,29	12,8,9,20	21,29,24,31	5,10,0,4	78	71
147	11,10,20,8	0,0,0,0	20,16,11,14	1,0,0,3	71	78
148	590,413,507,327	474,450,564,370	317,360,291,389	354,489,331,388	78	78
149	4,0,0,0	63,32,29,26	0,0,0,0	21,12,21,31	78	78
151	8,15,2,0	7,3,1,4	3,6,2,13	1,10,0,12	74	78
152	328,194,332,177	243,203,274,142	184,259,211,265	229,197,180,223	78	78
156	14,5,10,2	23,9,0,0	11,18,6,3	4,4,3,11	78	78
157	53,37,32,22	33,48,69,22	34,36,27,10	47,43,29,49	78	78
158	166,133,137,95	104,85,68,75	89,135,77,92	90,83,59,56	78	78
160	19,3,50,8	2,0,0,0	14,12,6,6	0,0,0,0	78	78
161	15,20,33,10	33,25,27,25	29,16,19,33	28,20,15,38	78	78
163	9,16,4,9	11,11,13,4	5,44,11,3	3,17,14,14	78	78
164	322,171,283,139	358,258,327,171	122,181,148,249	241,200,160,265	78	78
165	117,73,82,64	83,69,110,72	54,94,55,49	50,86,47,61	78	78
166	95,38,86,68	107,82,108,111	50,72,31,58	76,96,57,88	78	78
167	0,0,0,0	1,4,9,6	2,0,0,0	5,5,0,1	78	78
168	7,6,20,4	1,4,9,6	2,13,3,2	5,5,0,1	78	78
170	13,4,2,14	8,8,24,8	6,8,0,4	6,12,11,7	78	78
171	66,22,75,49	76,29,73,44	40,51,41,40	59,60,50,74	78	78
172	37,32,23,36	66,28,61,31	22,23,33,12	67,66,20,27	78	78
173	271,213,254,213	325,279,290,297	203,203,239,227	320,295,235,312	78	78
174	16,18,27,17	29,10,58,18	31,17,22,31	17,49,33,32	78	78
175	9,16,35,8	26,19,29,18	24,16,19,28	30,9,25,18	78	73
176	9,16,35,8	1,1,0,2	24,16,19,28	2,3,0,9	78	78
177	72,70,97,44	30,16,34,33	64,104,48,48	33,26,25,28	78	78
179	6,8,6,1	6,7,7,18	8,10,2,3	10,10,4,1	78	78
182	0,0,7,0	28,16,32,14	0,0,0,0	16,9,15,10	78	78
183	0,0,7,0	66,31,66,24	0,0,0,0	25,35,39,24	78	78
195	186,98,185,108	293,166,208,168	128,152,96,179	148,177,131,186	78	78
196	19,11,16,5	34,3,6,0	3,12,8,9	6,16,2,11	78	78
197	86,65,134,42	16,8,0,7	80,50,52,78	10,10,6,3	78	78
198	38,12,20,0	52,30,54,25	16,20,23,13	37,34,24,35	78	78
199	37,12,20,0	0,2,0,0	16,20,20,13	0,0,3,4	78	78
200	9,1,0,2	0,6,3,0	1,6,6,2	0,0,0,3	78	78
201	12,10,15,10	8,5,8,6	10,16,4,22	4,7,14,9	78	78
202	355,268,306,226	148,118,168,89	253,244,161,256	95,110,97,116	78	78
205	6,11,7,0	21,6,11,5	0,3,0,4	6,0,2,6	78	78
206	7,30,31,21	29,32,43,28	11,22,18,29	47,49,26,24	78	78
207	25,21,12,5	0,0,2,0	4,12,1,18	0,0,0,0	78	78
208	40,20,12,35	58,52,53,59	24,11,18,18	42,57,28,34	78	78
209	28,11,31,16	27,30,29,14	27,18,21,27	28,33,33,12	78	78
210	7,2,7,0	1,10,5,0	2,0,1,0	1,0,0,2	78	78
212	0,0,0,0	10,18,14,5	0,5,0,0	7,19,4,5	78	78
213	15,4,9,8	10,18,14,5	9,12,6,2	7,19,4,5	78	78
214	28,23,10,10	18,11,2,8	34,30,14,46	10,15,6,12	78	78
222	47,50,6,18	18,26,16,14	19,28,39,50	14,17,16,6	78	66
223	7,8,18,24	1,6,8,9	7,13,9,12	4,0,9,1	78	58
224	35,24,45,31	38,20,35,9	38,31,47,67	25,30,15,11	78	78
225	53,32,46,8	38,20,35,9	39,20,16,40	25,30,15,11	78	78
226	35,24,45,31	33,19,30,9	38,31,47,67	17,19,15,17	78	78
227	53,32,46,8	33,19,30,9	39,20,16,40	17,19,15,17	78	78
228	72,36,48,30	68,32,66,31	72,45,30,42	14,20,16,27	78	78
229	67,35,43,30	1,0,18,0	64,34,30,48	0,0,5,0	78	78
231	14,6,7,7	22,24,36,15	11,0,3,10	18,16,15,14	78	78
232	0,2,0,0	1,0,6,0	0,0,0,0	0,1,0,0	78	50
233	3,0,2,0	70,24,44,72	0,0,0,0	30,41,24,71	78	78
234	161,106,220,92	196,127,171,132	118,126,100,175	122,103,121,146	78	78
235	17,3,4,0	3,6,5,4	9,7,0,7	3,3,6,5	78	78
236	1,2,0,6	12,11,5,4	0,3,0,3	8,10,2,10	78	78
237	18,19,8,9	12,14,17,6	17,22,7,6	21,8,13,8	78	78
238	0,4,0,0	1,0,2,8	9,3,2,5	2,2,2,2	78	78
239	43,24,32,51	108,104,135,55	28,43,38,26	93,133,58,72	78	78
240	5,0,9,0	1,0,0,0	0,7,4,8	0,0,0,0	78	78
241	0,0,0,0	9,10,7,2	3,0,0,0	15,14,7,19	78	78
242	0,0,4,1	8,0,0,0	6,5,5,1	5,6,0,2	78	78
243	7,0,8,0	0,0,3,0	1,0,6,2	0,0,0,1	78	78
244	24,10,26,6	36,22,46,28	25,13,14,6	9,34,13,23	78	78
245	34,23,19,18	17,7,4,36	19,22,18,22	20,16,17,7	78	78
246	1,0,0,7	0,0,2,0	3,0,0,0	0,0,0,0	78	78
247	19,4,16,16	4,1,4,0	6,7,11,11	8,0,9,8	78	78
252	11,11,18,8	15,11,23,19	9,0,5,22	12,31,5,16	78	78
254	0,0,0,0	18,6,7,0	0,0,0,4	5,16,3,2	71	78
255	55,50,229,153	52,28,128,94	109,204,143,103	132,89,97,80	78	78
256	0,0,3,0	35,61,168,145	0,0,0,0	174,207,109,135	78	78
257	55,43,180,69	54,51,162,101	75,125,107,135	115,145,107,98	78	78
258	1,9,1,2	10,11,2,4	2,4,11,3	5,5,6,3	78	78
259	337,251,298,195	128,93,71,61	207,328,229,224	78,74,75,98	78	78
260	7,15,8,0	2,6,2,5	4,14,2,3	0,2,0,0	78	78
261	2,0,5,0	4,8,9,9	2,0,0,5	13,14,2,8	78	78
262	0,0,0,0	2,0,0,1	1,5,0,0	0,2,0,0	78	78
263	0,0,0,8	0,0,0,0	0,0,8,4	3,0,0,0	78	78
264	5,0,0,3	7,0,7,3	0,3,3,5	11,4,3,2	78	78
265	23,8,3,3	12,12,3,6	7,13,6,3	3,4,9,7	78	78
266	23,3,3,3	0,0,0,0	7,13,6,3	0,0,3,0	78	78
267	18,18,12,1	10,15,24,6	9,13,12,5	16,9,9,5	78	78
270	1,0,1,0	1692,1119,2087,1351	1,1,0,1	1172,1421,1004,1606	78	78
271	1149,752,1343,860	2688,1711,3209,1853	1099,1348,918,1239	2014,2237,1764,2491	78	78
275	0,0,0,0	2,2,10,5	0,5,0,0	4,0,0,5	58	78
276	58,65,63,19	71,30,42,23	54,32,49,26	25,39,18,33	78	78
277	277,138,200,138	201,144,141,100	150,137,114,152	88,155,95,123	78	78
278	9,0,0,0	4,11,0,18	0,0,3,0	0,5,4,6	78	78
279	111,59,45,27	64,62,47,38	49,56,25,57	47,36,21,38	78	78
280	193,147,138,99	32,28,34,16	154,171,81,147	35,56,26,27	78	78
281	89,71,102,44	306,183,190,196	90,87,52,87	203,183,162,176	78	78
282	1,0,0,0	0,0,0,0	0,8,0,0	3,0,0,2	78	78
283	27,23,26,16	6,1,7,8	28,22,30,30	1,0,1,2	78	78
284	218,85,159,50	516,203,331,289	129,105,100,120	323,364,220,336	78	78
287	20,11,17,3	28,20,17,34	3,14,15,7	24,39,8,14	78	78
288	2,3,0,3	7,5,15,8	5,4,0,2	6,4,7,7	78	78
292	49,16,52,19	1,2,0,0	26,37,8,35	0,0,0,0	78	78
293	0,0,0,4	11,10,0,10	0,0,0,0	2,0,0,2	78	78
294	0,0,3,2	1,0,10,10	0,0,1,0	6,2,0,0	78	78
295	91,16,101,35	50,27,83,24	42,47,43,62	59,79,28,54	78	78
296	69,70,68,33	43,48,32,33	62,91,40,30	22,34,27,29	78	78
302	84,53,53,34	64,34,59,19	24,39,32,21	33,30,25,40	78	78
303	1979,2410,2239,2046	486,478,587,354	2304,2703,2017,2334	472,597,406,377	78	78
304	2,0,3,5	5,5,0,0	0,0,0,4	1,11,3,12	78	78
306	69,28,37,17	82,73,79,48	53,26,35,34	87,69,51,60	78	78
307	5,5,4,0	4,3,0,2	7,0,0,2	5,2,0,5	78	78
308	129,94,131,68	102,88,101,63	63,61,57,94	92,107,58,119	78	78
309	5,0,8,6	6,3,3,6	1,0,0,0	5,7,1,0	78	78
310	4,0,0,7	5,1,9,5	1,0,3,6	5,0,1,6	78	78
311	5,4,0,3	7,5,8,0	7,4,0,3	4,13,5,4	78	78
312	11,1,0,6	4,0,9,1	9,2,1,6	2,0,2,0	78	78
313	11,7,13,3	178,119,109,71	10,15,2,13	96,75,61,85	78	78
314	5,2,13,4	12,5,20,15	2,5,5,6	14,8,4,13	78	78
315	17,12,3,4	14,16,10,0	9,6,15,14	19,4,10,4	78	78
316	43,46,22,20	46,41,43,87	26,20,15,20	43,28,36,40	78	78
317	15,11,7,7	19,14,8,3	10,2,16,6	8,1,3,2	78	78
318	4,6,2,5	13,9,4,3	9,0,4,4	8,1,2,2	78	78
319	7,7,2,2	19,14,8,3	9,0,13,7	8,1,3,2	78	78
320	47,20,44,17	22,29,34,34	23,28,24,22	21,19,16,8	78	78
321	1,1,0,0	15,3,25,26	0,0,0,0	11,14,11,33	78	78
322	196,121,118,117	127,89,108,57	110,201,98,118	90,90,69,109	78	78
323	157,108,122,93	127,91,110,61	72,104,48,84	60,76,80,66	78	78
324	30,28,24,19	42,34,33,25	18,19,19,38	29,28,45,60	78	78
325	286,201,222,187	0,0,0,1	166,119,169,215	0,8,0,0	78	78
328	0,0,0,5	0,0,0,0	0,3,0,5	0,0,0,5	78	78
331	0,4,3,1	23,13,46,12	2,0,1,4	23,15,15,18	78	78
332	64,51,78,40	45,34,38,28	53,69,57,84	36,30,41,45	78	78
334	94,36,31,41	63,25,17,18	53,36,59,44	24,18,46,46	78	78
336	10,6,17,2	15,9,6,5	7,20,11,7	7,6,7,9	78	78
337	0,0,0,0	14,18,10,10	1,0,0,0	9,0,4,5	78	78
338	9,3,13,0	14,18,7,10	5,17,4,8	7,0,4,5	78	78
339	16,21,17,6	48,21,29,34	9,12,6,23	56,36,32,38	78	78
341	36,17,6,13	57,13,60,24	16,15,5,16	30,32,18,26	78	78
342	31,27,27,26	45,12,13,23	17,19,13,5	6,4,21,11	76	78
343	2,0,0,6	0,0,0,0	0,0,0,0	0,0,0,3	78	78
344	0,0,3,0	7,4,3,5	0,0,4,4	5,6,3,12	64	78
346	0,1,4,0	26,17,31,30	3,4,0,0	25,32,21,33	78	78
347	1,1,0,0	38,21,28,30	6,5,3,0	21,24,14,39	78	78
348	27,29,26,6	38,21,28,30	16,17,22,20	21,24,13,39	78	78
349	23,10,7,17	29,20,17,14	10,16,9,15	6,8,5,2	78	74
350	0,1,0,5	21,9,4,18	0,0,1,0	5,7,8,2	78	78
351	12,5,11,10	17,12,9,9	8,15,5,19	13,19,3,12	78	78
356	0,6,15,6	11,14,11,0	2,5,10,1	10,0,7,8	78	78
357	4,3,0,0	16,5,7,5	7,5,0,0	5,2,10,3	78	78
358	24,8,12,2	39,22,45,42	15,4,14,24	40,12,25,22	78	78
359	5,0,0,3	1,4,1,0	7,1,0,0	8,2,2,0	78	78
360	42,8,39,22	15,10,17,7	23,56,24,24	16,31,8,18	78	78
361	0,0,0,0	2,0,0,0	3,0,0,5	0,0,5,0	78	78
362	84,86,74,76	48,53,43,22	72,86,71,53	27,46,31,46	78	78
363	69,80,84,52	25,7,7,1	44,80,36,54	12,1,3,1	78	78
364	31,25,33,12	54,23,59,21	26,16,11,38	22,38,37,34	78	78
366	73,76,77,65	134,84,161,77	67,57,48,66	74,119,100,107	78	78
368	73,42,86,44	5,3,6,8	44,69,50,109	6,0,7,4	78	55
369	67,32,49,30	106,62,71,49	34,18,27,34	62,85,66,60	78	78
371	0,0,0,0	0,4,2,0	1,0,0,0	1,6,0,0	78	78
372	12,30,22,27	20,24,59,26	23,22,11,26	23,36,24,27	78	78
373	1,0,0,6	30,6,23,6	0,0,0,0	18,5,6,9	78	78
374	1,2,0,0	1,13,13,9	7,0,0,0	8,6,3,9	78	78
376	98,45,67,57	48,35,60,28	82,83,50,49	24,39,23,37	78	78
377	62,24,57,41	0,0,0,0	60,69,40,38	0,0,1,0	78	78
378	79,34,64,31	105,74,81,46	50,48,32,41	94,76,40,55	78	78
379	14,13,6,12	21,28,11,23	15,18,6,17	18,13,8,21	78	78
380	0,0,1,12	7,6,6,10	1,3,0,7	14,12,3,10	78	78
381	204,201,258,149	159,100,122,91	155,166,205,180	131,144,124,147	77	78
383	55,32,27,49	44,42,43,28	43,66,33,42	34,59,31,40	78	78
384	14,4,14,30	29,13,0,14	8,12,11,16	11,20,5,21	78	78
386	51,42,48,47	142,120,119,115	51,36,42,24	108,141,85,116	78	78
387	61,52,43,22	102,58,56,53	24,81,42,45	76,131,51,77	78	78
389	14,7,23,8	5,7,11,8	7,16,6,13	20,8,14,10	78	78
391	46,26,36,11	35,29,22,25	23,29,33,17	36,28,22,42	78	78
392	39,39,20,32	45,46,65,36	36,17,14,19	35,64,39,42	78	78
393	0,4,0,0	1,1,5,3	0,0,0,0	1,0,1,3	71	78
394	175,106,140,79	104,61,51,31	87,98,68,97	68,42,53,31	78	78
395	47,31,53,28	50,44,54,35	34,39,14,24	32,13,22,49	78	78
396	5,3,7,0	0,3,0,0	1,0,5,6	1,0,0,1	78	78
397	27,5,26,5	37,14,25,0	4,3,8,17	5,15,1,7	78	78
398	14,17,19,5	52,24,24,26	13,15,18,16	33,33,23,20	78	78
399	235,140,129,109	96,54,80,31	159,168,121,114	98,51,44,61	78	78
400	61,30,71,39	83,47,53,44	49,35,30,21	65,60,43,59	78	78
401	11,8,12,22	43,45,51,33	25,8,9,22	46,56,30,67	78	78
416	9,11,18,7	40,10,10,16	15,12,14,5	5,40,13,37	78	78
419	869,580,791,560	4,0,7,3	582,728,464,736	12,2,4,3	78	78
420	9,14,31,24	11,8,24,15	27,16,9,17	21,18,13,7	78	78
421	89,55,69,52	59,51,58,48	58,50,57,59	56,44,36,68	78	78
422	161,88,138,84	74,48,60,42	93,123,109,74	34,34,36,27	78	78
423	0,0,1,7	38,20,33,12	4,0,5,2	13,27,28,15	78	78
425	7,1,18,6	33,26,33,19	2,15,7,7	20,36,7,20	78	78
426	16,3,17,4	28,7,24,12	9,11,14,10	13,26,7,20	78	78
427	22,4,25,29	9,19,46,29	19,20,22,38	22,47,19,9	78	78
429	0,3,4,9	82,39,65,54	8,7,0,1	60,58,75,74	78	78
431	35,10,40,13	7,0,3,0	5,26,18,13	0,3,0,0	78	74
433	2,0,0,0	0,1,1,0	0,0,1,0	0,0,1,1	78	78
435	21,9,11,8	18,6,4,10	19,10,3,18	22,4,10,8	78	78
436	20,10,38,25	15,4,22,5	16,14,8,24	8,14,7,8	78	78
437	312,216,412,266	350,240,468,333	344,396,305,288	329,462,274,470	78	78
438	5,1,8,6	2,0,0,3	6,8,4,4	0,0,0,0	78	78
439	322,243,308,175	288,217,242,152	197,237,175,248	145,203,151,216	78	78
440	0,0,0,0	2,0,4,0	0,0,2,0	1,0,0,0	78	58
441	6,3,10,8	12,9,7,9	5,10,4,7	6,1,8,9	78	78
442	12,7,10,10	15,21,21,8	8,17,12,10	21,30,10,22	78	78
444	1,4,0,8	9,3,10,4	0,0,0,0	4,4,0,7	78	78
445	35,27,28,24	26,12,11,44	22,24,14,36	17,9,7,21	78	78
446	0,0,2,0	2,0,0,0	0,0,1,0	0,0,5,4	78	74
447	0,0,2,0	2,0,0,0	0,0,1,0	0,0,5,5	78	78
449	3,0,6,0	10,5,15,0	2,2,4,9	15,23,2,1	78	78
450	3,0,6,0	10,5,15,0	2,2,4,9	15,23,2,1	78	78
462	0,8,4,0	2,4,5,2	3,0,2,4	6,5,0,2	78	78
463	210,109,185,117	254,135,273,164	127,111,82,109	141,198,122,183	78	78
464	2,13,14,4	19,3,1,0	5,0,1,8	3,3,11,10	78	78
465	36,20,15,8	34,47,54,22	12,49,21,22	34,22,22,32	78	78
468	41,35,53,31	34,30,31,21	27,42,32,59	31,29,36,25	78	78
469	4,0,0,0	2,0,7,0	0,0,0,0	0,0,0,3	78	78
470	22,13,25,2	8,5,5,14	20,9,15,43	25,31,21,34	78	78
471	6,13,13,14	4,0,0,2	18,8,8,30	4,0,0,2	78	78
472	6,13,12,14	34,11,45,11	18,8,8,33	45,17,18,30	78	78
473	43,10,20,20	8,5,6,9	1,29,17,12	5,8,4,7	78	78
474	14,12,14,11	15,5,6,6	11,5,5,11	6,8,1,4	78	78
476	8,0,3,0	3,5,0,5	1,5,5,2	15,3,4,0	78	78
477	8,0,3,0	4,2,6,0	1,5,5,0	1,1,4,3	78	78
478	16,7,18,6	25,40,29,38	29,22,7,16	22,19,23,18	78	78
479	16,7,18,6	30,37,28,37	29,22,7,16	19,24,25,20	78	78
482	56,3,35,17	51,20,39,32	26,16,33,28	60,56,26,47	78	78
483	103,46,90,62	150,124,131,82	81,73,58,54	96,143,87,113	78	78
484	31,20,60,17	150,120,123,82	15,31,28,22	98,138,86,98	78	78
485	4,3,6,5	14,6,10,1	11,8,7,1	10,0,4,8	78	78
486	3,5,6,7	0,1,7,3	1,4,2,10	1,0,10,0	78	78
487	57,9,24,7	12,10,36,14	14,22,7,17	19,8,26,17	78	72
488	0,0,0,0	157,107,247,169	0,0,1,0	180,154,124,171	56	78
489	128,95,158,146	157,107,247,169	169,115,118,143	180,154,124,171	78	78
490	199,94,251,137	117,91,147,118	160,164,146,209	110,137,73,122	78	78
491	7,5,7,10	17,4,8,9	4,9,2,4	0,6,16,10	78	78
492	106,62,76,85	73,63,65,44	88,101,77,78	45,57,34,64	78	78
494	9,11,0,0	5,5,2,0	16,0,2,5	2,0,9,5	78	78
495	5,5,0,0	56,24,63,13	0,19,1,2	77,40,31,55	78	78
496	5,0,8,0	0,1,0,0	1,0,1,0	0,0,0,0	78	78
497	264,193,197,113	179,184,169,107	121,188,117,126	155,144,150,167	78	78
498	252,199,162,170	359,319,280,287	163,209,178,194	303,325,235,247	78	78
499	17,1,6,5	33,38,21,21	0,5,6,2	16,16,15,13	78	78
500	5,4,3,0	1,0,6,0	7,5,4,8	1,1,3,0	78	78
501	133,79,99,66	51,36,35,26	64,70,71,63	24,28,19,17	78	78
503	16,12,15,24	40,15,20,39	11,10,10,4	24,16,17,30	78	78
504	3,0,6,0	1,3,3,0	0,6,2,0	0,6,6,2	78	78
512	9,6,16,20	0,3,6,2	13,0,13,9	8,5,4,0	78	78
514	33,40,30,25	25,28,36,13	23,23,10,23	24,15,9,26	78	72
517	61,39,73,38	101,71,84,72	47,70,69,59	77,78,52,70	78	78
518	77,44,62,25	147,67,103,53	74,80,44,53	93,17,95,75	78	78
520	0,3,6,0	5,2,0,0	3,23,2,4	0,8,0,1	78	78
522	103,64,57,49	64,38,33,18	53,51,52,66	35,25,21,36	78	78
523	8,0,3,2	73,45,100,53	4,0,5,5	59,92,49,57	78	78
524	0,1,0,0	0,0,0,0	2,0,5,4	0,13,0,0	78	78
525	12,0,2,3	32,29,51,21	12,8,9,5	53,31,20,25	78	78
526	16,2,1,3	1,3,0,2	12,13,10,5	0,0,0,0	78	78
527	4,3,3,0	0,0,1,0	1,3,1,1	3,8,0,0	78	78
528	1,0,6,0	2,3,0,5	0,0,0,0	0,2,0,0	78	78
531	1,0,0,0	0,0,0,0	2,0,0,7	2,0,0,0	78	78
532	1,0,0,0	0,0,0,0	2,0,0,7	2,0,0,0	78	78
533	18,16,7,9	4,3,0,0	6,4,12,14	1,1,0,4	78	78
534	0,0,0,0	14,6,17,3	0,0,0,2	2,14,14,0	78	78
536	10,10,14,11	41,38,10,15	1,9,13,8	27,41,11,18	78	78
537	92,88,129,113	0,0,0,0	96,108,90,126	0,4,0,0	78	78
538	172,96,171,131	356,323,451,179	84,80,88,100	329,338,271,351	78	78
539	6,12,6,6	356,323,451,179	13,9,2,13	329,338,271,351	78	78
542	66,28,42,13	101,83,81,37	32,36,30,31	52,50,49,66	78	78
543	17,10,31,9	23,17,30,11	13,11,1,23	13,16,8,30	78	78
544	29,28,18,8	40,32,33,20	14,10,5,32	23,42,23,36	78	78
545	129,91,118,110	103,72,115,49	103,116,78,96	71,99,48,75	78	78
546	0,0,0,1	1078,701,934,604	0,0,1,0	732,710,568,805	78	78
547	0,0,0,1	1078,701,934,604	0,0,1,0	732,710,568,805	78	78
549	1,9,7,5	22,2,17,0	0,12,9,4	10,30,14,27	78	78
551	21,18,17,5	15,17,14,7	14,14,7,6	4,10,2,15	78	78
552	12,4,1,5	7,2,2,5	5,0,3,6	4,1,0,11	78	78
553	6,0,0,0	48,20,26,11	0,0,0,0	33,10,14,45	78	78
555	108,47,104,53	105,70,129,56	75,110,49,70	71,103,58,95	78	78
556	180,142,211,170	135,71,113,105	191,219,149,160	157,139,98,147	78	70
557	231,122,134,119	105,88,134,114	114,119,162,125	82,144,86,115	70	75
558	221,118,134,110	294,166,216,146	114,119,161,119	171,271,174,212	70	78
559	181,91,124,110	283,164,199,146	172,172,117,179	169,253,170,213	75	69
560	175,88,123,109	0,2,0,0	172,165,117,177	3,0,1,1	78	71
561	10,4,0,9	0,2,0,0	2,0,2,6	3,0,1,1	69	71
562	99,84,124,112	6,5,1,1	81,140,84,109	5,7,0,3	69	71
563	263,148,193,135	405,283,346,241	149,241,140,168	306,348,239,237	71	78
565	0,1,5,0	0,0,0,0	0,0,2,4	0,0,1,0	78	78
567	33,21,19,16	49,14,46,34	13,39,16,16	24,37,32,39	78	78
569	29,39,20,9	64,49,37,15	30,5,8,23	32,37,29,32	78	78
570	40,25,12,11	50,39,38,7	24,32,25,23	32,41,17,16	78	78
571	13,6,9,33	10,12,19,24	16,6,5,12	5,14,10,9	78	78
573	65,55,83,36	121,135,183,106	78,99,50,71	157,126,86,126	64	78
574	31,32,21,20	46,14,6,16	13,24,15,31	17,21,24,29	78	78
575	28,17,21,25	36,16,40,4	19,35,17,11	12,25,16,29	78	78
576	10,20,13,2	1,5,0,0	14,17,11,14	2,0,2,2	78	78
577	23,6,21,15	35,25,5,30	12,4,0,3	21,3,9,34	78	78
578	22,21,17,1	16,5,20,2	7,23,18,43	12,29,16,24	78	78
579	21,10,29,18	36,30,40,15	16,26,15,5	38,43,20,19	78	78
580	0,7,0,0	23,8,1,12	3,0,2,0	11,0,6,8	78	78
581	55,31,20,19	2,0,0,0	19,19,17,20	0,0,0,0	78	50
584	35,36,45,25	68,32,51,14	32,51,56,33	36,73,48,42	78	78
585	297,176,213,174	189,148,184,178	181,208,154,157	145,136,117,160	78	78
586	124,107,175,106	140,89,151,77	109,136,87,100	99,144,82,112	78	78
588	1,0,1,0	0,8,0,0	0,3,4,11	0,2,2,2	78	78
591	4,6,12,7	17,4,5,8	3,6,5,3	5,0,7,5	78	78
592	0,0,19,4	2,11,4,4	1,4,11,8	5,4,2,2	78	77
593	22,9,4,8	16,2,17,21	3,14,8,16	5,5,5,13	78	78
594	22,8,4,8	21,10,10,7	3,14,8,16	13,6,6,3	78	78
595	6,2,12,11	15,13,20,10	17,10,0,5	22,12,6,16	78	78
597	48,44,59,36	59,29,69,23	35,28,27,40	31,36,20,31	78	78
598	33,34,34,17	171,81,145,85	3,23,15,26	54,121,80,103	78	78
600	37,9,54,41	55,33,40,38	55,48,64,69	38,31,25,42	78	78
601	8,32,12,15	18,11,0,11	11,13,4,16	12,6,4,14	78	78
602	64,43,55,29	32,52,58,16	30,67,26,37	19,13,20,24	78	78
603	5,7,0,0	24,25,17,25	5,0,2,10	12,20,11,24	78	78
604	0,10,24,3	17,7,0,2	1,10,4,7	6,0,0,10	78	78
605	0,2,0,0	18,17,21,7	0,0,4,0	7,1,11,15	78	78
606	4,0,2,6	37,34,34,31	2,1,5,0	30,56,50,42	78	78
608	0,0,1,0	0,0,0,0	0,0,0,0	1,0,0,0	78	78
609	3,7,0,6	1,2,0,0	2,2,0,0	0,0,0,0	78	72
610	14,12,34,12	34,25,38,22	18,13,16,27	33,24,16,17	78	78
612	33,5,18,0	23,9,5,6	26,20,30,9	20,13,20,14	68	78
613	16,7,2,7	12,18,7,5	7,12,6,2	0,10,8,8	78	78
614	2,13,0,3	19,13,24,16	3,0,4,6	11,6,5,11	78	78
615	4,4,0,0	0,1,0,0	2,0,0,2	0,0,0,0	78	78
616	26,38,41,50	0,1,0,0	18,31,9,24	0,0,0,0	78	78
617	88,33,54,81	53,34,33,21	57,69,39,56	32,71,38,33	78	78
618	63,45,22,27	58,15,34,24	38,70,34,36	34,39,27,51	78	78
621	30,10,28,31	18,8,0,7	16,10,9,27	13,20,13,5	78	78
622	31,7,18,2	39,13,43,7	10,5,7,14	19,10,13,17	78	78
623	16,2,2,0	8,19,7,6	14,13,3,15	4,16,18,9	78	78
624	0,0,0,0	42,41,28,5	4,4,0,1	25,28,29,35	78	78
626	0,1,2,8	0,2,0,0	4,0,12,4	0,0,0,0	78	78
627	34,27,16,15	13,6,8,9	19,18,14,13	5,14,6,6	78	78
629	106,119,202,109	167,104,114,100	119,103,95,125	73,119,75,100	78	78
631	19,15,11,7	56,38,21,14	22,45,17,26	33,27,19,31	78	71
634	5,2,0,0	15,14,10,23	0,0,3,1	3,0,4,10	78	78
635	28,13,22,31	30,21,3,11	23,4,6,14	12,21,16,27	78	78
636	24,2,2,0	26,8,8,15	18,5,8,12	8,18,12,11	78	78
637	0,6,0,0	31,6,5,10	0,0,0,0	16,19,11,12	78	78
639	4,12,6,5	15,10,6,4	13,5,7,9	14,27,5,3	78	78
640	7,0,0,4	21,12,13,10	0,0,0,7	7,9,7,7	78	78
641	9,11,8,13	17,9,10,1	2,16,12,19	31,31,30,21	78	78
645	13,0,3,12	12,2,13,2	9,0,7,4	17,3,2,11	78	78
646	10,4,4,5	6,0,0,0	11,10,6,5	0,0,0,0	78	50
649	42,4,7,0	3,10,14,13	19,8,14,11	19,12,11,25	78	78
652	53,38,42,22	5,0,0,0	19,18,26,9	0,0,0,2	78	78
654	11,4,18,3	60,73,54,32	2,4,3,12	30,42,27,35	78	78
655	37,26,12,13	38,27,14,36	25,8,24,4	13,19,23,23	78	78
657	21,2,9,6	0,0,0,0	8,12,6,15	0,0,0,4	78	78
658	101,73,75,72	1523,1064,1045,744	111,121,74,113	913,1122,836,1022	78	78
659	3,0,0,0	2,10,4,4	0,0,0,0	3,14,0,11	78	78
660	5,0,0,0	0,0,0,0	0,0,0,0	0,2,0,0	78	78
661	61,33,77,76	34,37,53,30	32,53,30,48	55,38,35,25	78	78
662	80,25,39,11	72,59,50,27	30,43,40,46	50,32,43,30	78	78
663	7,4,6,4	30,27,28,12	5,15,1,2	9,42,12,30	78	76
664	15,1,4,4	0,0,0,0	8,15,5,8	0,7,0,0	78	78
665	0,2,0,0	58,31,29,33	0,0,0,1	23,31,15,33	75	78
667	45,39,46,8	12,8,8,10	34,20,36,59	14,8,10,5	78	78
668	45,39,46,8	0,1,0,0	34,20,36,59	0,3,1,1	78	78
670	23,11,33,9	49,41,62,27	22,20,21,34	48,52,20,39	78	78
671	23,17,34,19	10,12,15,7	19,15,8,27	12,4,13,5	78	78
672	78,38,99,32	29,21,26,14	44,62,53,54	23,23,11,21	78	78
673	103,53,142,44	6,7,7,6	54,85,73,69	13,29,10,10	78	78
675	123,62,94,66	139,89,150,97	94,71,56,95	123,145,75,83	78	78
677	23,32,51,10	35,37,52,22	23,12,11,31	12,11,17,20	78	78
678	16,16,34,23	32,35,50,23	20,13,8,22	28,17,7,14	78	78
679	88,49,83,56	0,0,0,2	44,35,52,40	0,0,0,0	78	78
680	2,3,0,1	10,5,17,12	1,8,0,1	24,21,18,15	78	78
681	15,8,11,1	17,7,8,0	9,14,3,17	8,7,2,8	78	78
683	1,3,8,4	1,1,0,0	10,4,0,4	5,0,2,5	78	78
684	1,3,8,4	1,1,0,0	10,4,0,4	5,0,2,5	78	78
687	22,13,22,16	49,33,70,33	4,20,13,8	25,55,21,57	78	78
688	27,11,29,15	18,10,16,0	21,9,12,21	17,6,20,18	78	78
690	459,293,243,215	513,372,423,342	322,342,286,297	446,493,336,365	78	78
691	714,417,458,382	511,372,423,346	503,578,414,506	446,493,336,365	78	78
692	459,293,243,215	3,1,0,0	322,342,286,297	0,0,0,1	78	78
693	459,293,239,219	573,385,417,336	322,342,286,297	490,566,369,422	78	78
694	2,16,11,18	6,7,15,15	13,21,6,3	4,0,12,8	78	78
695	6,1,15,3	4,5,7,0	4,2,4,6	4,5,1,0	78	78
696	45,17,36,14	49,8,46,16	19,27,12,23	22,31,20,21	78	78
697	1785,1049,1583,1128	379,190,323,270	943,1273,886,1269	170,161,208,222	78	78
698	32,6,25,8	0,0,0,0	30,70,44,31	0,2,0,1	78	78
700	175,93,127,99	317,172,308,185	81,120,57,123	202,245,136,252	78	78
701	65,89,62,71	87,60,43,38	77,93,62,51	36,51,65,42	78	63
705	7,1,14,2	31,26,37,31	11,2,2,2	17,46,24,36	78	78
706	43,42,31,37	63,36,43,15	37,25,27,31	45,32,28,58	78	78
707	159,71,142,94	3,0,2,0	89,116,90,111	3,0,0,0	78	78
709	26,6,1,11	4,3,6,9	3,11,3,2	0,6,4,0	78	78
710	202,92,102,84	103,95,134,110	105,116,80,78	50,98,68,108	78	78
711	0,0,0,0	18,14,0,4	5,0,0,0	4,6,5,6	78	78
712	9,16,0,2	3,3,2,3	8,11,3,3	3,7,3,10	78	78
713	2,7,6,6	3,0,1,0	12,5,1,2	2,0,1,2	78	78
715	12,38,36,23	0,0,0,0	21,10,6,12	0,4,0,0	78	78
716	12,38,36,23	16,12,15,5	21,10,6,12	12,27,13,14	78	78
717	16,22,7,0	17,11,7,2	15,12,13,3	16,20,11,11	78	78
718	106,50,62,64	16,26,8,16	51,63,61,70	25,13,8,26	78	78
720	0,3,0,0	110,106,171,73	0,0,0,0	117,82,70,82	78	78
724	41,49,48,40	0,3,0,0	62,87,39,29	4,0,0,0	78	65
725	45,36,33,32	51,56,16,30	24,25,45,31	23,45,9,50	78	78
726	4,4,5,0	2,0,2,0	4,1,4,17	2,0,4,0	78	78
727	35,22,52,22	39,33,34,18	30,23,19,30	14,47,21,48	78	78
728	0,0,5,0	88,45,37,36	0,0,0,0	45,69,42,48	78	78
729	28,16,23,16	88,45,37,36	6,8,19,27	45,69,42,48	78	78
733	629,474,548,346	1,1,0,3	439,510,263,602	1,0,0,5	78	78
734	51,49,43,4	70,47,62,25	17,18,26,35	37,52,28,41	78	78
735	0,0,0,0	0,1,0,0	0,0,0,3	0,0,2,0	74	62
736	58,29,48,43	98,63,99,82	45,48,32,41	86,75,61,84	78	78
737	94,56,68,35	53,35,41,40	56,71,39,77	56,46,31,38	78	78
738	11,7,23,2	26,19,48,18	17,14,8,3	13,13,15,27	78	78
739	25,18,38,23	27,32,29,57	15,36,15,23	21,34,28,31	78	77
740	8,5,4,7	1,2,6,3	3,14,11,9	3,16,12,14	78	78
741	29,17,3,11	9,7,11,8	16,16,11,19	4,18,8,3	78	78
742	727,418,486,343	47,24,22,22	288,389,273,399	27,3,15,13	78	78
743	404,304,363,169	183,105,179,108	207,214,218,268	77,66,46,85	78	78
744	4,9,3,3	14,7,5,21	0,11,9,2	5,3,4,7	78	78
747	3,1,1,2	15,5,17,7	1,19,3,10	13,28,1,6	78	78
749	6,11,12,4	12,7,20,13	10,16,2,4	13,8,13,10	78	78
751	54,26,46,36	77,52,38,45	22,42,23,11	47,61,29,32	78	78
752	10,4,1,1	7,0,0,1	1,4,4,0	6,0,2,2	78	78
753	3,0,0,0	241,130,238,147	0,0,0,0	142,192,116,180	78	78
754	121,96,126,87	138,86,122,54	101,82,77,95	77,144,72,118	78	78
756	170,98,154,84	149,116,153,68	108,122,82,103	82,86,65,78	78	78
757	25,21,31,44	3,1,0,0	30,26,16,35	1,8,3,0	78	78
759	0,0,0,0	2,4,2,0	0,0,1,0	0,0,0,0	78	78
760	0,0,0,3	0,6,0,0	0,0,0,0	6,0,1,2	78	78
762	20,6,7,6	22,10,12,0	9,12,7,7	17,4,11,13	78	78
763	37,53,59,32	52,15,24,20	43,27,47,21	14,48,32,29	78	78
765	124,57,81,46	2,11,0,5	64,57,58,82	12,13,3,2	78	78
766	219,149,172,118	225,144,138,116	181,193,101,142	144,146,100,126	78	78
767	170,109,141,60	92,40,71,47	103,129,85,100	40,63,60,78	78	78
769	21,4,5,9	14,12,4,7	1,7,0,3	21,8,6,3	78	78
770	14,13,16,22	15,12,14,22	22,7,15,17	23,6,6,12	78	78
771	5,0,0,6	14,1,2,1	1,0,0,3	4,7,3,0	78	78
772	5,0,6,6	31,17,17,8	1,0,0,3	16,28,8,20	78	78
773	24,15,7,20	28,7,30,11	10,12,8,22	14,44,5,10	78	78
775	0,0,5,0	47,33,35,8	0,0,0,0	19,25,24,13	78	78
776	44,14,25,17	46,33,35,8	24,23,10,20	20,25,24,13	78	78
777	27,36,10,4	9,7,8,0	14,12,4,20	9,18,5,2	78	78
778	114,95,99,81	98,73,117,67	73,51,57,46	48,71,61,71	78	78
779	11,4,0,10	26,8,16,4	6,13,7,7	3,3,7,9	78	78
780	3,3,0,0	23,17,31,19	3,0,5,0	12,36,8,8	78	78
781	5,0,11,10	11,4,26,19	11,6,18,2	9,14,5,1	78	78
782	97,49,53,26	77,40,45,46	64,68,44,38	50,29,37,49	78	78
783	52,18,48,38	52,50,37,36	24,50,22,39	58,48,51,28	78	78
785	70,35,57,31	43,39,59,33	61,64,24,49	46,58,21,27	78	78
789	44,8,18,14	9,16,10,4	23,27,15,6	8,2,7,10	78	78
791	5,5,7,0	10,8,2,0	7,7,3,14	15,17,6,15	78	78
792	99,81,74,73	128,53,102,86	101,102,69,94	114,150,94,162	78	78
793	2,1,4,0	3,4,0,0	4,6,11,0	0,2,1,2	78	78
794	60,74,90,79	4,2,0,0	80,80,50,68	0,0,0,0	78	68
795	6,8,32,5	1,17,0,8	9,32,4,23	4,7,4,10	78	78
796	0,3,0,0	63,25,27,35	0,0,0,1	38,46,33,30	78	78
798	214,123,123,146	173,147,146,78	83,168,145,133	93,124,67,85	78	78
799	307,192,222,191	199,108,134,93	133,149,143,205	81,129,116,110	78	78
801	51,39,40,43	66,54,54,34	17,24,26,23	57,12,25,31	78	78
802	7,5,1,3	0,0,0,0	8,5,2,7	2,0,2,6	78	78
804	32,7,2,15	85,40,73,76	10,9,8,5	36,41,30,77	78	78
805	0,0,6,0	76,40,70,70	0,8,0,0	34,41,30,68	78	78
806	26,9,12,9	22,9,8,0	9,19,4,5	7,10,3,12	78	78
808	6,1,2,0	79,40,41,17	7,0,5,0	37,61,32,6	78	78
809	0,2,0,0	6,1,8,0	0,10,0,0	3,11,3,1	78	78
810	29,27,52,23	23,20,21,8	22,26,24,31	11,7,10,11	78	78
811	0,6,5,0	20,20,21,8	4,0,0,0	11,11,10,11	78	78
812	25,9,22,12	22,8,17,6	18,12,19,25	7,13,4,16	78	78
813	32,12,6,21	22,11,27,14	14,23,9,6	15,15,11,27	78	78
814	20,8,14,6	3,0,3,10	8,13,4,16	3,0,0,0	78	78
815	14,2,8,13	5,0,4,1	6,2,10,8	7,4,2,5	78	78
818	249,165,208,156	65,29,78,43	75,97,53,75	128,171,139,139	78	78
826	154,109,94,120	187,113,145,81	109,121,124,86	123,163,128,102	78	78
829	20,21,12,14	12,14,14,18	6,2,15,8	14,33,8,13	78	78
830	11,9,2,8	18,16,10,26	6,23,1,10	19,10,16,17	78	78
831	20,14,7,3	44,48,42,42	13,8,12,16	15,11,14,20	78	78
833	8,12,20,4	16,11,17,9	1,3,5,7	12,10,9,9	78	78
837	0,0,1,0	15,14,19,5	2,0,4,4	5,7,7,21	78	78
838	16,2,5,15	7,9,0,4	7,4,11,4	10,0,1,1	78	78
839	234,115,260,210	188,109,216,127	227,195,135,205	131,165,144,154	78	78
841	8,4,4,0	18,4,0,3	6,5,7,10	8,3,0,1	74	78
842	11,18,15,11	14,4,1,3	9,0,7,0	4,0,0,1	78	78
843	0,0,0,3	6,0,0,0	0,0,0,0	0,0,5,7	78	74
844	1,15,2,6	6,0,0,0	7,5,16,3	0,0,5,7	78	74
845	1,15,3,3	3,0,6,1	7,5,16,3	4,12,4,0	78	74
848	0,0,0,0	0,4,1,7	0,0,0,1	1,0,0,0	78	78
849	279,153,240,144	197,145,199,165	134,134,149,175	130,90,106,140	78	78
850	42,10,10,1	18,9,10,8	5,22,1,16	2,0,8,3	78	78
852	0,0,0,0	2,1,0,0	2,0,0,1	1,0,0,0	78	78
853	11,4,3,2	41,30,24,20	6,5,10,6	9,9,8,11	78	78
854	75,30,64,54	70,44,67,19	46,63,47,67	36,41,34,63	78	78
855	9,1,8,2	4,7,2,4	7,12,6,3	1,10,5,4	78	78
856	25,27,51,20	25,53,47,41	14,23,24,26	40,37,40,66	78	78
858	4,2,0,2	3,5,9,3	1,3,6,0	2,12,15,4	78	78
860	5,0,0,3	91,51,97,54	3,9,2,0	56,54,35,53	78	78
861	117,31,96,50	69,47,84,64	63,103,36,55	52,70,36,23	77	78
862	52,65,56,38	0,0,0,0	43,74,39,41	0,2,2,0	78	78
864	0,0,0,0	0,0,1,3	2,0,0,0	6,2,6,2	78	78
866	61,39,50,57	67,44,67,61	63,63,49,88	69,88,44,39	78	78
868	5,4,7,0	10,5,22,12	1,0,1,3	17,7,5,8	78	78
869	5,12,1,0	8,5,17,11	0,12,1,0	17,7,8,8	78	78
873	66,51,67,41	68,41,81,38	49,42,38,43	39,41,27,58	78	78
874	15,19,7,1	17,2,12,1	9,9,9,10	5,10,21,13	78	78
876	14,12,6,11	1,6,14,0	1,19,3,2	1,6,6,17	78	78
877	0,0,0,3	4,13,10,2	0,1,0,0	8,6,7,11	78	78
878	3,0,0,4	0,2,2,0	2,5,0,0	0,0,9,3	78	78
879	2,0,0,3	167,91,93,40	0,0,0,0	62,103,50,76	78	78
880	25,15,31,11	167,90,93,40	5,20,14,21	62,103,51,78	78	78
881	0,0,2,0	0,0,4,0	5,0,3,2	2,0,0,4	78	78
882	0,0,2,0	0,0,4,0	5,0,3,2	2,0,0,4	78	78
883	3,0,4,11	13,4,6,4	5,7,11,3	2,2,3,1	78	78
884	4,3,7,9	42,15,36,4	0,7,2,5	7,9,13,3	78	78
887	0,0,7,0	8,8,0,0	3,0,0,2	2,0,0,11	62	62
888	0,0,7,0	4,0,0,3	3,0,0,2	0,4,0,7	62	78
889	79,53,67,46	96,57,170,75	88,70,71,49	114,93,63,123	78	78
890	3,13,3,0	16,4,7,12	8,4,15,15	2,4,13,5	78	78
891	20,30,10,23	32,19,16,3	14,27,4,10	33,41,32,28	78	78
892	15,31,16,15	32,19,16,3	23,22,6,7	33,41,32,28	78	78
894	17,3,3,11	24,14,18,7	3,5,15,8	17,15,17,25	78	78
895	29,14,26,18	1,3,9,3	14,22,22,18	0,3,6,1	78	78
896	9,9,25,6	5,0,3,0	16,13,10,12	1,0,2,7	78	78
900	96,69,94,53	253,158,225,120	79,55,56,80	124,178,108,162	78	78
903	4,1,4,0	20,40,56,20	1,3,5,0	26,72,48,37	78	78
905	39,15,29,14	25,28,21,14	8,11,9,35	15,17,7,26	78	78
906	9,3,0,0	25,28,21,14	0,0,2,10	15,17,7,26	78	78
907	47,16,18,24	56,85,97,73	37,10,17,33	88,90,56,75	78	78
912	33,28,45,56	69,39,45,44	34,58,41,21	49,40,43,18	78	78
913	33,14,31,46	61,28,38,29	16,17,11,20	31,42,21,28	78	78
914	52,34,71,55	38,20,25,0	31,54,31,44	12,26,21,29	78	78
915	106,96,114,66	160,104,145,99	84,131,83,119	129,123,91,100	78	78
916	38,31,25,6	4,0,0,0	17,25,12,31	3,0,0,0	78	78
917	127,55,87,49	352,246,373,294	47,96,66,53	243,293,192,340	78	78
919	12,14,15,0	31,29,21,18	13,10,10,20	36,13,23,16	78	78
920	0,2,6,0	31,29,21,18	0,0,2,0	36,13,23,16	78	78
921	2,0,7,6	5,2,7,4	0,0,1,5	0,21,5,13	78	78
922	9,14,12,4	76,53,78,36	2,1,5,8	46,70,32,39	78	78
924	40,26,24,22	18,33,15,12	43,40,46,14	17,20,19,22	78	78
926	13,1,0,0	5,5,12,0	3,8,7,14	9,11,10,2	78	78
927	237,154,139,162	278,191,241,108	176,201,151,143	172,200,180,143	78	78
928	1,3,6,5	6,12,7,0	2,14,4,2	16,20,8,4	74	78
929	26,5,12,18	41,32,25,4	20,14,4,1	10,29,3,32	78	78
930	20,5,11,8	50,20,40,10	15,10,17,10	24,35,41,17	78	78
931	693,347,627,382	281,245,333,230	426,498,387,544	177,225,153,219	78	78
932	582,351,550,377	880,554,765,484	433,455,357,451	562,611,445,633	68	78
933	4,8,0,0	4,3,0,0	0,10,7,5	0,6,2,3	78	78
934	69,77,64,18	70,41,61,48	47,28,52,58	41,39,46,48	78	78
938	69,22,40,18	137,121,177,81	14,18,25,34	120,120,114,141	78	78
939	257,161,266,201	229,161,282,188	187,257,139,274	165,256,149,171	78	78
940	77,26,57,22	77,67,60,38	32,35,35,21	43,71,54,87	78	78
941	5,0,21,7	62,40,53,42	10,10,5,7	44,72,58,47	47	78
942	7,0,8,0	8,0,0,2	0,4,4,4	0,1,2,2	78	78
943	114,54,62,83	170,79,124,113	47,95,47,81	95,91,61,120	78	78
944	2178,1219,1882,1219	2042,1487,2031,1463	1372,1471,1258,1546	1437,1338,1317,1662	78	78
946	39,23,97,33	46,31,38,8	58,52,30,46	20,23,17,24	78	78
949	0,0,0,0	0,0,3,0	0,0,6,0	4,0,1,3	78	78
950	0,0,0,0	2,9,14,8	0,0,0,2	0,8,1,1	64	78
951	6,1,0,0	2,9,14,8	3,0,0,2	0,8,1,1	78	78
952	0,0,0,1	2,9,14,8	0,0,0,2	0,8,1,1	78	78
953	3,3,0,7	8,6,7,5	6,0,2,3	1,0,11,1	78	78
954	6,6,0,1	0,9,0,0	1,0,2,0	0,12,1,4	78	78
955	8,6,7,0	8,8,0,0	1,0,9,1	3,3,0,0	78	78
959	16,5,18,21	38,8,22,6	14,7,9,24	17,29,27,17	78	78
964	0,0,0,0	24,1,26,23	0,5,0,2	9,4,3,8	78	78
966	7,0,5,0	10,0,5,0	0,0,1,0	0,7,1,0	78	78
976	33,17,17,8	0,0,0,0	20,27,16,19	0,0,0,3	78	53
977	33,15,20,8	0,0,0,0	20,27,16,19	0,0,0,3	78	53
978	51,26,47,10	0,0,0,0	36,50,26,31	0,0,0,3	78	53
979	17,9,5,7	21,3,14,10	11,10,6,6	13,19,11,22	78	78
980	12,22,18,5	18,20,7,5	24,0,9,2	3,0,1,2	78	78
983	38,22,31,24	17,5,17,0	25,17,16,33	10,21,14,10	78	78
985	12,8,25,6	23,2,12,5	6,14,6,3	6,21,5,11	78	78
986	13,3,9,1	0,0,3,0	2,6,2,0	0,0,0,0	78	78
987	94,83,94,72	88,69,75,36	48,56,39,63	63,68,52,53	78	78
988	15,10,10,13	3,0,5,6	17,21,10,4	9,0,14,0	78	78
989	457,396,408,290	919,538,826,557	305,426,271,337	598,657,602,627	78	78
990	573,472,608,379	565,326,472,236	367,404,318,408	325,377,276,341	78	78
991	78,57,80,80	3,0,0,3	43,42,52,31	4,0,0,0	78	78
993	328,151,306,188	330,208,407,258	142,246,177,202	259,283,186,212	78	78
994	9,11,10,4	0,0,0,0	10,5,3,2	0,0,0,4	78	74
996	0,0,0,0	20,0,6,2	2,10,0,2	15,1,2,14	78	78
998	109,98,152,77	112,71,75,50	88,81,71,67	53,107,73,88	78	68
999	54,57,87,22	127,93,199,108	29,33,30,48	85,87,95,51	61	78
1000	311,206,277,187	390,232,323,203	185,170,119,266	234,229,208,220	78	78
1001	29,26,19,29	11,13,19,18	14,45,16,12	31,29,16,14	78	78
1002	3,5,2,3	10,5,5,1	11,2,7,3	13,8,0,4	78	78
1003	5,5,3,0	9,3,0,14	7,13,2,6	9,5,2,8	78	78
1004	5,5,3,0	9,2,0,14	7,13,2,6	9,5,2,8	78	78
1005	5,4,3,0	2,0,3,2	7,13,2,6	1,3,4,0	78	78
1006	25,9,13,7	19,19,29,9	11,16,5,29	7,24,19,23	78	78
1008	4636,2913,4704,3197	1560,1040,1546,948	3269,3794,2890,3655	1345,1521,972,1253	78	78
1009	27,8,33,12	62,31,65,26	13,18,11,17	43,71,41,15	78	78
1011	33,18,24,16	27,10,24,10	19,9,10,22	22,10,4,22	78	78
1012	10,1,24,4	17,9,11,0	13,7,2,0	3,10,3,11	77	78
1014	54,28,51,16	105,103,129,91	64,55,39,50	97,112,117,100	78	78
1016	93,72,124,72	47,28,37,45	71,72,38,52	36,34,35,33	78	78
1017	124,64,110,92	173,93,137,115	122,98,86,67	82,154,111,132	78	78
1018	24,4,3,0	22,10,23,23	7,4,6,0	30,29,23,8	78	78
1019	28,15,32,20	34,17,39,16	19,27,19,25	11,4,9,34	78	78
1020	22,21,24,26	34,29,25,31	30,16,11,23	16,25,22,20	78	78
1021	0,1,0,0	36,44,28,17	0,0,0,0	12,35,18,29	78	78
1025	0,0,0,0	1,4,12,0	0,0,3,1	1,16,9,0	78	78
1028	8,9,19,5	21,17,12,7	14,6,10,8	2,8,4,6	78	78
1029	22,23,35,27	51,22,38,18	20,36,11,28	13,16,17,13	78	78
1032	37,13,21,8	52,34,19,9	22,25,11,29	24,21,15,32	78	78
1033	12,6,2,17	28,17,11,2	11,2,0,10	15,18,12,10	78	78
1034	3,5,4,9	19,14,10,8	5,14,17,4	13,19,14,1	78	78
1035	0,0,0,0	2,0,2,0	0,6,0,1	4,0,0,2	78	78
1037	73,64,31,17	116,71,109,48	55,29,42,42	67,70,61,67	78	78
1038	18,3,5,5	116,71,109,48	7,10,17,4	67,70,61,67	78	78
1039	20,17,0,17	35,14,11,16	15,24,17,29	14,16,6,3	78	78
1041	2,4,2,0	10,0,3,5	5,5,4,1	5,6,0,16	68	78
1042	8,0,4,8	4,2,0,6	4,1,0,1	3,0,2,0	74	68
1046	2,0,0,0	153,72,65,79	1,0,4,0	62,87,65,77	78	78
1047	80,40,61,30	101,31,35,22	48,59,26,63	44,50,46,50	78	78
1048	42,41,19,33	60,44,45,54	48,50,33,43	41,50,30,39	78	78
1049	42,41,19,33	0,2,5,2	48,50,33,43	2,0,0,0	78	66
1050	35,24,14,4	22,6,18,24	25,11,15,18	13,28,8,22	78	78
1051	110,68,84,82	18,27,8,19	59,94,58,93	19,9,11,13	78	78
1052	30,26,29,21	80,45,63,46	16,17,13,38	48,66,36,31	78	78
1053	0,0,0,0	80,45,63,46	0,0,0,3	48,66,36,31	78	78
1054	0,0,0,0	80,45,63,46	0,0,0,3	48,66,36,31	78	78
1055	30,26,29,21	80,45,63,46	16,17,13,38	48,66,36,31	78	78
1056	81,49,86,43	58,63,45,66	56,59,68,45	44,48,49,68	78	78
1057	9,0,0,3	29,20,20,4	2,7,0,0	12,9,14,11	78	78
1058	9,0,0,0	15,21,15,10	2,5,0,0	7,7,5,11	78	78
1059	24,7,11,8	25,14,15,7	5,16,5,9	13,16,17,20	78	78
1060	2,0,0,0	25,14,15,7	0,0,0,0	13,16,17,20	78	78
1061	24,1,30,8	5,12,12,7	4,8,4,12	7,17,11,6	78	78
1062	20,7,30,23	0,1,0,0	6,26,4,8	0,0,0,2	78	62
1063	33,9,12,2	18,8,13,0	17,9,11,7	4,18,8,12	78	78
1064	27,23,14,19	72,34,17,14	8,21,19,26	39,39,16,22	78	78
1069	31,10,28,22	15,20,14,23	19,22,15,18	26,22,11,20	78	78
1070	48,33,37,13	32,19,23,26	28,29,30,36	27,43,18,47	78	78
1071	14,14,24,8	11,10,18,3	5,2,0,6	4,0,0,3	78	78
1072	24,5,25,3	23,29,26,18	6,5,2,2	10,2,4,5	78	78
1073	5,6,0,2	8,0,1,4	0,0,0,3	0,5,1,7	74	78
1074	4,0,8,0	14,6,16,7	3,4,11,1	3,11,8,3	78	78
1076	15,31,30,7	27,11,18,7	19,9,7,16	10,6,32,22	78	78
1077	62,77,46,53	192,172,138,153	76,67,37,49	237,268,204,233	78	78
1078	139,180,122,136	384,335,207,271	180,180,126,173	333,381,252,280	78	78
1079	11,0,6,4	7,8,6,3	4,4,0,17	7,12,4,8	78	78
1081	12,5,13,11	14,5,3,12	14,26,2,13	7,8,2,3	78	78
1082	161,78,177,124	293,143,273,168	73,80,82,95	185,205,141,181	78	78
1083	132,99,119,77	266,158,260,128	77,99,76,128	155,208,138,220	78	78
1084	69,62,41,24	51,46,35,29	14,18,17,19	5,15,21,7	78	78
1088	8,3,9,0	20,24,0,12	3,9,2,13	43,21,7,8	78	78
1089	29,35,58,54	0,5,0,0	35,48,42,35	0,0,0,0	78	78
1090	29,35,58,54	82,91,96,74	35,48,42,35	70,108,61,64	78	78
1091	81,63,84,87	100,89,86,90	102,76,60,90	109,117,54,97	78	78
1092	64,59,64,41	58,48,75,68	36,50,27,60	35,24,74,44	78	78
1093	85,42,49,49	71,29,59,45	56,49,31,46	34,62,47,61	78	78
1094	19,32,21,5	22,15,43,5	7,7,18,20	10,16,16,14	78	78
1095	1,2,2,0	0,4,0,0	0,10,3,0	1,0,0,0	78	71
1098	36,38,18,9	34,32,15,24	14,5,17,11	9,10,14,42	62	78
1099	0,0,0,0	64,37,39,20	3,2,0,0	16,19,15,11	78	78
1100	32,24,14,30	32,34,54,25	24,13,22,32	41,28,21,39	78	78
1101	32,24,14,30	64,37,39,20	27,15,20,32	16,19,15,11	78	78
1102	22,0,4,15	27,20,14,19	6,0,8,0	26,27,29,17	78	78
1103	29,22,49,39	27,20,14,19	14,36,31,26	29,29,29,17	78	78
1104	237,171,223,100	137,118,132,79	197,201,91,117	84,119,84,111	78	78
1105	38,23,29,21	47,19,27,18	6,8,21,27	17,35,21,48	78	78
1106	2,3,1,0	7,0,0,0	2,2,0,0	2,4,0,3	78	78
1107	39,35,43,18	31,25,32,18	17,21,26,17	19,21,10,10	78	78
1108	26,1,12,16	0,0,0,0	9,2,3,7	0,2,0,0	78	78
1109	294,232,308,196	260,164,238,145	152,251,244,216	147,197,171,202	78	78
1110	0,5,14,0	0,8,0,0	2,5,6,1	2,2,4,3	77	78
1111	73,69,83,59	39,66,68,53	78,101,67,93	50,73,54,48	78	78
1113	0,0,0,0	2,0,0,1	0,1,2,0	2,0,0,0	78	78
1116	29,11,37,16	13,14,39,19	35,6,18,33	25,44,15,20	78	78
1120	20,15,3,24	9,13,5,18	14,1,7,12	11,22,5,9	78	78
1121	18,9,16,6	6,7,3,0	7,7,15,4	1,4,0,0	78	61
1122	60,27,35,42	13,22,30,14	29,33,30,37	13,30,19,22	78	78
1123	0,1,0,8	5,14,10,4	0,0,2,0	12,7,5,9	78	78
1125	30,19,20,13	29,29,29,8	22,27,8,7	24,9,20,9	78	78
1126	12,9,0,8	18,40,14,14	8,4,1,0	8,26,12,8	78	78
1127	20,10,18,12	12,0,8,0	22,12,11,20	0,6,3,6	78	78
1128	20,10,18,12	22,10,16,4	22,13,14,21	2,12,6,12	78	78
1129	20,10,18,12	10,0,2,0	22,15,11,20	1,4,3,3	78	78
1130	20,10,18,12	34,14,28,17	22,15,11,20	15,37,15,10	78	78
1131	10,0,2,0	34,14,28,17	1,4,3,3	15,37,15,10	78	78
1132	30,22,26,12	1,0,0,0	10,8,7,13	1,0,1,0	78	77
1133	18,12,12,8	32,14,28,17	9,0,4,4	15,28,18,11	78	78
1134	0,0,0,0	20,20,19,11	0,1,3,3	20,25,12,10	78	78
1135	12,10,14,4	20,20,19,11	2,8,3,11	21,22,12,10	78	78
1136	47,20,34,20	20,17,17,6	18,45,25,17	4,19,11,18	78	78
1137	4,2,6,0	24,12,13,10	3,5,3,7	13,22,12,5	78	78
1138	3,4,0,1	7,0,0,0	1,9,6,6	4,0,0,4	78	78
1139	17,7,16,8	0,0,0,0	8,18,11,24	0,7,0,0	78	77
1140	19,11,11,20	0,0,1,0	7,27,13,30	0,7,0,6	78	77
1141	0,2,1,1	82,83,76,66	0,0,0,6	35,25,55,53	78	78
1157	95,60,48,55	85,52,63,29	49,44,37,70	63,65,53,59	78	78
1159	387,219,311,163	0,1,0,0	191,185,238,253	3,0,0,0	78	78
1160	4,2,0,0	1,0,0,0	0,3,2,5	0,5,1,0	78	78
1161	14,0,0,0	84,52,76,52	0,0,2,0	48,64,41,57	78	78
1162	0,2,0,0	54,26,27,30	0,3,4,5	25,32,17,28	78	78
1163	3,5,0,4	0,0,0,0	0,0,3,2	0,0,2,3	78	78
1164	312,122,177,127	177,98,150,92	134,178,119,186	91,102,66,131	78	78
1165	86,79,99,95	150,88,140,85	67,77,66,121	83,89,65,116	76	78
1166	86,79,99,95	137,41,66,44	67,77,66,121	65,66,64,77	76	78
1167	13,3,19,9	3,5,25,0	20,5,9,9	15,22,9,16	78	78
1168	10,16,7,12	40,20,33,34	6,4,3,0	34,20,21,15	78	78
1169	75,45,38,19	0,2,0,0	39,31,36,39	0,0,2,7	78	78
1170	0,0,0,0	0,2,0,0	1,0,0,0	0,0,2,7	78	78
1172	41,18,7,7	0,0,0,0	7,14,12,18	0,0,0,4	78	78
1173	8,0,0,0	12,11,0,0	0,0,2,3	5,0,1,0	78	78
1176	63,55,37,28	76,55,56,76	36,59,33,44	56,66,63,81	78	78
1177	24,16,23,14	34,11,16,30	17,18,8,11	14,30,13,26	78	78
1178	28,14,21,10	32,24,33,25	11,22,15,8	17,19,14,40	78	78
1179	3,0,0,1	3,0,4,0	0,0,0,0	0,2,0,0	78	69
1180	7,0,0,0	3,4,15,1	7,6,0,3	0,5,0,6	78	78
1181	1,0,5,3	0,0,0,0	0,0,3,0	0,0,0,4	78	60
1184	20,19,20,10	6,1,13,6	41,33,9,19	2,5,1,8	78	78
1185	0,0,0,3	0,0,0,0	0,3,0,0	0,0,0,4	78	78
1186	4,4,7,1	8,4,3,2	2,11,13,6	11,6,3,10	78	78
1187	0,1,11,0	2,4,11,9	3,8,7,7	6,9,11,2	78	78
1188	0,0,2,10	2,4,11,9	1,6,0,4	6,9,11,2	78	78
1190	53,65,38,27	66,101,59,55	49,93,31,68	86,81,88,79	78	78
1193	9,5,5,9	105,77,81,58	4,0,0,1	79,58,73,78	78	78
1194	11,11,9,7	17,18,20,15	20,13,16,10	28,25,9,7	78	78
1195	5,0,2,2	1,0,5,6	5,0,3,4	3,12,0,8	78	78
1197	11,1,9,4	27,10,3,5	2,8,13,11	11,13,9,10	78	78
1199	3,8,12,0	40,20,35,26	1,0,2,3	24,13,16,25	78	78
1200	0,0,0,0	68,36,62,41	0,0,1,0	53,20,31,65	78	78
1201	39,14,21,29	21,26,47,34	25,47,20,16	29,24,25,47	69	78
1203	0,0,3,0	1,0,0,0	0,0,0,4	1,7,0,0	65	78
1204	0,1,2,0	43,35,34,10	0,0,0,4	20,17,14,10	61	78
1205	86,41,75,30	2219,1454,2367,1606	27,25,30,43	1732,2082,1666,2054	78	78
1208	11,13,7,12	34,20,40,20	7,12,7,15	11,16,4,5	78	78
1209	102,59,65,27	116,57,75,48	32,54,35,45	74,54,59,79	78	78
1210	121,68,107,87	181,82,125,104	91,94,69,66	112,121,72,128	78	78
1211	129,107,125,57	239,177,266,154	104,102,92,76	167,129,144,154	78	78
1212	163,125,202,111	292,198,323,163	112,115,109,164	232,257,168,218	78	78
1215	102,86,78,57	79,69,87,41	48,36,52,62	43,48,67,55	78	78
1216	0,0,0,0	121,82,72,76	0,1,0,0	96,107,58,69	78	78
1217	3,5,0,0	4,5,4,0	3,0,3,10	1,5,3,0	78	78
1218	5,17,16,0	18,6,12,4	9,23,9,14	7,8,9,0	78	78
1219	21,15,44,10	44,36,28,22	26,27,16,13	16,26,26,30	78	78
1220	0,0,1,0	10,12,13,2	3,0,1,0	1,4,7,1	78	78
1221	205,127,141,85	72,38,56,21	113,131,85,129	31,44,33,12	78	78
1222	8,12,6,8	3,13,12,0	6,18,1,6	4,11,1,1	78	78
1224	29,15,21,10	56,38,31,46	20,11,14,17	21,28,30,28	78	78
1225	4,6,13,13	54,26,39,24	3,17,8,0	20,33,18,27	78	78
1226	14,8,10,0	54,26,39,24	4,5,4,4	20,33,18,27	78	78
1227	0,0,0,0	2,9,6,2	4,0,0,0	4,10,2,3	78	78
1229	56,57,90,69	48,20,54,33	50,45,39,82	26,39,31,60	78	78
1230	0,0,0,0	0,6,18,4	0,3,0,0	3,0,2,8	78	71
1232	18,22,18,16	23,12,10,10	15,15,15,4	24,3,13,13	78	78
1233	123,45,64,48	77,47,57,21	66,68,61,40	30,36,38,58	78	78
1235	10,8,0,3	3,0,6,0	2,6,1,0	4,5,1,0	78	78
1237	3,9,0,0	17,3,8,0	0,0,0,0	17,9,0,5	78	78
1239	3,2,6,3	7,0,5,6	11,7,4,2	8,13,12,2	62	78
1240	142,92,207,134	65,45,127,104	179,249,178,168	113,109,86,93	78	78
1241	40,73,60,17	32,36,13,26	63,55,32,32	17,33,25,20	78	78
1242	131,61,140,48	103,44,126,51	94,85,80,67	66,114,89,84	78	78
1243	4,1,0,0	0,2,0,0	0,0,1,7	1,6,0,0	78	78
1244	4,3,8,0	0,2,0,0	3,0,2,0	0,12,0,0	78	78
1245	23,27,31,26	75,57,71,40	3,5,6,9	38,53,58,57	78	78
1246	0,0,3,9	10,7,21,14	2,4,1,2	12,20,13,10	78	78
1247	88,56,59,42	999,613,915,598	33,38,56,59	528,842,539,617	78	78
1248	45,21,30,29	455,268,402,307	9,21,19,41	248,344,235,234	78	78
1249	757,416,674,371	11,6,7,11	347,690,396,477	5,13,2,15	78	78
1250	0,1,3,0	5,4,1,4	1,0,0,3	10,9,0,5	78	78
1252	0,3,8,5	5,0,0,0	3,2,0,0	3,0,0,0	78	78
1253	0,0,0,1	19,3,2,7	0,0,0,0	0,6,5,7	78	78
1254	19,4,10,1	19,3,2,7	4,7,4,5	0,6,5,7	78	78
1255	18,16,22,4	37,24,16,2	14,18,1,19	3,11,15,20	78	78
1256	107,89,128,106	117,74,89,58	100,144,90,109	77,107,57,92	78	78
1257	269,175,178,188	395,237,299,196	177,159,141,170	227,239,194,315	78	78
1258	19,19,1,6	21,20,12,13	13,10,8,4	9,19,12,14	78	78
1259	503,212,392,212	3845,2468,3230,2216	289,347,274,320	2375,2747,2258,2722	78	78
1261	54,38,80,59	66,44,72,46	43,34,30,19	36,37,34,59	78	78
1262	14,2,9,0	16,11,26,11	3,9,6,8	14,15,12,15	78	78
1263	13,5,21,0	12,16,15,0	5,0,5,1	9,12,0,14	78	78
1264	29,20,56,26	0,0,4,0	27,44,19,18	0,0,0,0	78	78
1265	37,7,12,11	99,50,35,13	24,28,14,29	26,28,50,47	78	78
1266	10,11,19,5	41,42,36,33	17,22,5,6	31,33,14,17	78	78
1267	9,8,13,0	117,83,80,61	5,18,7,10	75,83,90,88	78	78
1268	0,0,0,0	124,77,120,81	2,0,0,1	102,101,86,64	78	78
1277	2,1,0,0	0,0,7,2	0,0,0,0	1,3,1,0	78	78
1278	28,11,10,6	26,24,5,11	13,19,6,21	5,34,13,22	78	78
1279	630,365,554,306	1523,920,1417,789	280,421,301,416	946,948,755,1064	78	78
1280	33,11,11,34	37,38,34,19	11,13,12,15	25,39,23,38	71	78
1281	26,26,13,3	28,18,11,9	16,14,6,16	8,12,8,11	78	78
1283	115,61,102,38	74,65,124,47	63,101,31,80	56,65,34,53	78	78
1285	45,28,32,6	25,28,12,17	23,26,11,36	29,34,19,31	78	78
1288	2,0,0,0	2,2,3,0	0,0,3,0	0,0,0,0	78	73
1290	60,37,49,18	95,63,57,51	28,29,24,41	55,29,37,45	78	78
1291	53,40,26,23	60,38,49,18	26,20,15,15	28,29,24,39	78	78
1292	1608,930,1595,921	41,43,39,22	1102,1299,1054,1085	44,42,29,38	78	78
1293	2732,2512,4152,2615	2578,1909,3144,2137	2234,2850,2171,2300	2155,2595,1764,2203	78	78
1296	40,6,6,12	17,14,12,3	0,35,7,18	9,12,3,2	78	78
1297	33,9,14,14	32,16,9,8	18,30,9,19	9,11,7,13	78	78
1298	21,2,22,14	40,6,6,12	4,21,8,14	0,35,3,18	78	78
1299	38,12,20,16	29,7,9,18	12,15,2,15	17,8,5,17	78	71
1300	0,0,0,0	2,0,0,1	5,0,2,0	0,0,0,0	78	78
1302	136,90,96,66	127,82,126,72	98,125,62,61	57,112,66,72	78	78
1303	26,7,12,3	0,0,0,0	3,5,9,8	0,12,3,0	78	78
1304	10,16,6,8	10,17,7,9	13,13,21,24	12,11,11,20	78	74
1305	40,39,35,28	9,32,7,0	23,51,25,15	10,8,9,19	78	61
1306	43,39,66,42	125,74,123,137	33,38,23,35	115,108,88,82	78	78
1307	9,15,29,13	27,2,10,6	5,10,9,16	18,8,5,6	78	78
1308	23,39,61,43	38,35,39,34	33,62,25,47	25,52,17,49	78	78
1309	0,0,0,0	45,28,102,15	1,7,0,3	24,34,44,24	78	78
1310	35,9,29,41	45,29,109,15	24,22,17,34	25,44,45,25	78	78
1311	23,20,8,0	19,16,3,5	3,19,11,9	8,5,7,14	78	78
1312	4,0,1,13	3,2,7,0	0,0,4,14	1,6,0,0	78	78
1313	0,8,0,6	0,0,6,3	5,0,4,3	0,0,0,0	78	78
1314	8,6,7,12	12,5,4,19	6,10,6,16	9,11,9,10	78	78
1316	29,34,34,5	53,19,24,50	14,15,9,12	18,45,33,31	78	78
1317	105,84,132,78	72,74,185,77	92,84,59,110	80,96,62,103	78	78
1319	266,202,288,178	198,172,282,191	186,272,182,244	146,190,159,190	78	78
1320	266,202,288,178	103,66,125,62	184,267,182,237	96,93,62,78	78	78
1321	250,143,331,128	207,133,222,157	176,198,178,168	169,153,101,202	78	78
1322	166,128,208,151	205,133,222,157	110,151,102,138	166,153,102,206	78	78
1323	50,39,20,7	46,46,32,14	34,34,28,42	39,36,16,21	78	78
1324	4,6,4,3	29,37,32,22	1,7,1,0	33,16,17,30	78	78
1330	1,4,4,0	3,5,6,0	3,5,1,3	5,5,4,1	78	78
1331	10,0,0,5	10,8,1,10	1,0,2,0	1,5,6,16	78	78
1332	49,11,13,3	23,4,12,11	18,39,25,26	12,20,13,22	78	78
1333	35,18,52,23	80,51,69,66	34,33,30,26	57,50,39,82	78	78
1334	2,0,0,3	5,4,0,0	5,0,5,5	8,13,1,5	78	78
1335	200,98,108,98	51,52,47,30	106,118,79,96	30,23,47,52	78	78
1336	9,8,15,22	8,2,4,8	12,12,4,10	14,12,18,15	78	78
1337	38,20,19,24	80,33,36,18	20,44,24,20	20,39,47,40	78	78
1339	4,0,4,0	7,6,6,14	0,0,0,0	3,0,6,4	78	64
1340	9,10,7,5	45,53,42,47	6,18,6,7	31,27,29,47	78	78
1341	60,42,20,30	59,32,24,20	18,25,2,13	12,28,19,33	78	78
1343	170,72,119,65	61,31,68,44	63,110,70,116	37,49,34,49	78	51
1344	18,10,4,11	5,7,15,4	10,31,8,2	10,21,10,7	78	78
1345	5,5,7,0	27,13,15,8	0,19,2,0	9,3,7,8	78	78
1346	61,31,75,52	127,64,80,84	59,39,45,32	108,98,85,124	78	78
1347	72,60,75,54	106,87,100,61	55,59,65,66	88,87,88,98	78	78
1349	58,20,35,24	12,19,26,23	29,28,25,8	7,8,10,19	78	78
1350	0,0,0,3	13,3,5,3	3,0,0,6	3,0,8,0	78	78
1351	4,2,4,9	3,0,5,2	0,4,5,0	3,1,2,11	78	78
1352	65,46,56,26	81,50,55,47	35,25,29,9	44,32,27,39	78	78
1356	10,11,8,21	11,15,17,7	13,24,8,12	9,1,15,15	78	78
1357	23,4,13,24	11,15,17,7	11,4,16,9	9,1,15,15	78	78
1358	3583,2087,3588,2033	2596,1285,2288,1415	2251,2567,1813,2556	1359,1449,1239,1641	78	78
1359	67,73,72,33	69,42,74,47	55,49,66,34	43,72,62,84	64	78
1362	20,10,16,3	155,120,174,104	0,9,0,4	175,126,113,128	78	78
1363	174,166,343,146	153,120,174,100	182,171,164,174	169,126,113,128	78	78
1364	510,348,668,399	52,25,30,20	413,407,311,393	133,115,97,91	78	78
1365	19,9,25,10	2,26,7,20	16,8,4,13	6,8,9,11	78	78
1369	1,0,3,7	0,1,0,0	2,0,2,0	1,9,8,0	78	78
