ID	IJC_SAMPLE_1	SJC_SAMPLE_1	IJC_SAMPLE_2	SJC_SAMPLE_2	IncFormLen	SkipFormLen
4	40,17,32,18	5,1,0,0	11,6,7,33	1,3,1,0	54	39
5	0,0,6,3	0,0,0,0	0,21,2,5	0,2,0,0	47	39
6	0,4,0,0	0,0,5,2	4,1,0,0	0,0,0,0	78	39
13	6,7,0,0	6,0,1,4	0,0,0,5	1,0,0,0	41	39
15	4,0,0,0	11,0,2,0	0,0,0,0	2,10,9,2	48	39
16	0,0,0,0	0,6,1,2	0,0,2,0	3,7,2,5	78	39
18	4733,2421,3281,2214	0,1,0,0	2434,2896,2171,2913	0,0,0,0	51	39
27	0,0,0,1	0,0,0,0	0,0,0,0	0,0,1,0	78	39
28	2,0,0,0	18,19,11,0	0,3,3,3	17,2,6,28	42	39
30	4,0,6,0	30,14,13,3	0,0,2,0	16,8,18,7	45	39
33	0,0,0,0	3,8,2,1	0,3,0,0	13,8,5,7	70	39
34	28,14,11,5	1,2,0,0	10,6,3,20	0,0,0,4	59	39
35	0,0,1,1	9,7,7,17	3,0,0,2	4,13,9,15	78	39
37	16,0,5,10	102,70,89,46	0,0,0,8	64,70,36,86	44	39
38	5,0,2,0	7,22,15,12	1,0,0,5	12,11,14,2	78	39
39	0,3,0,0	29,19,15,8	2,0,2,1	14,9,15,13	49	39
40	4,0,0,5	132,69,117,39	1,8,1,3	74,59,61,72	78	39
44	0,4,0,0	5,2,16,7	3,0,4,10	2,8,4,0	78	39
46	9,5,2,10	4,5,1,3	9,3,8,7	7,11,4,7	78	39
50	7,7,16,11	1,0,0,0	5,8,13,8	0,0,0,0	75	39
51	61,32,48,19	0,0,4,0	27,38,17,30	0,2,0,0	77	39
57	10,2,4,0	48,25,21,18	0,0,5,8	19,37,16,36	78	39
60	3,0,2,5	37,18,53,19	1,4,0,0	38,37,34,27	78	39
61	23,9,0,10	13,2,1,5	9,6,24,4	2,0,5,2	78	39
63	31,13,1,11	12,3,0,0	11,3,16,3	7,2,11,5	78	39
64	31,16,10,22	4,2,0,0	0,21,11,23	0,0,6,5	78	39
68	44,25,40,46	0,0,0,0	20,19,18,45	0,0,1,0	56	39
69	12,2,7,9	3,5,13,0	10,17,9,20	12,4,3,9	44	39
70	5,2,0,0	0,4,0,2	6,2,3,0	4,7,0,0	54	39
71	4,0,0,0	12,9,7,10	0,0,0,0	2,0,0,16	78	39
73	10,15,5,3	16,14,25,25	15,5,5,0	12,22,9,27	78	39
74	0,0,5,0	26,31,44,36	0,0,0,0	47,25,23,37	57	39
75	7,0,10,10	5,6,11,5	1,0,6,2	7,7,1,8	68	39
76	4,0,4,0	20,14,16,5	0,0,1,0	16,17,18,25	74	39
77	0,2,0,3	0,1,0,0	3,0,0,2	0,6,3,0	71	39
78	0,0,0,3	13,1,46,5	4,0,0,0	4,26,4,11	60	39
84	0,1,0,0	37,15,19,4	0,0,0,0	8,17,11,18	78	39
85	9,5,4,7	36,23,31,18	4,0,6,0	39,42,15,22	78	39
86	308,406,470,339	8,0,9,5	281,329,275,348	0,7,1,4	78	39
88	25,17,7,6	1,0,0,0	15,13,7,4	0,0,0,0	78	39
90	9,0,6,0	4,2,0,2	0,0,1,1	3,0,0,3	46	39
91	7,4,0,0	17,3,17,1	1,0,0,1	15,5,13,8	47	39
94	28,20,12,15	169,113,115,78	14,16,19,11	128,150,95,96	78	39
96	0,0,0,1	0,4,1,7	4,0,0,3	4,7,3,6	53	39
101	18,29,23,3	14,4,6,2	12,32,14,31	0,0,2,0	78	39
103	2,0,7,0	49,25,33,40	0,7,0,0	18,52,9,38	78	39
104	0,0,0,4	38,38,35,28	2,0,0,0	33,46,29,36	67	39
106	5,6,0,11	54,17,28,11	7,0,6,0	12,14,19,12	59	39
108	18,1,0,1	38,21,23,41	5,9,3,4	39,37,29,67	78	39
109	126,59,106,55	0,0,2,0	61,80,64,73	0,0,0,2	78	39
110	155,80,129,95	0,0,2,0	95,117,90,140	0,0,0,2	76	39
111	117,59,106,54	4,0,0,0	59,91,61,73	0,0,3,5	76	39
116	71,57,53,18	0,0,0,0	47,57,44,46	0,0,1,0	74	39
117	0,2,2,0	16,15,23,11	0,5,0,7	18,31,5,11	43	39
118	0,4,0,0	16,24,15,10	7,0,1,0	21,59,16,23	78	39
119	42,41,38,56	2,0,0,9	51,66,25,42	0,0,0,0	78	39
120	14,2,11,1	1,0,0,0	4,0,1,5	0,0,0,0	78	39
121	31,32,23,8	565,388,571,368	8,12,9,16	318,327,249,414	78	39
124	2614,1559,2791,1496	1,0,0,0	1792,1955,1315,1808	3,0,0,0	78	39
126	35,25,18,3	2,0,0,3	6,13,16,8	0,3,0,0	78	39
127	2,2,0,0	28,6,11,7	0,0,0,2	14,0,2,7	78	39
130	0,0,0,0	1,2,0,0	0,0,2,0	4,0,0,8	53	39
131	81,26,40,53	21,2,19,14	30,45,47,27	8,5,5,10	41	39
132	26,7,32,2	1,7,0,0	12,6,8,2	0,3,0,0	78	39
133	57,39,71,26	368,268,372,205	52,57,41,48	257,327,204,250	43	39
134	577,282,562,383	26,13,13,9	332,339,319,359	14,5,7,12	74	39
136	138,107,169,127	20,8,13,11	142,129,107,105	5,3,5,5	78	39
137	17,19,24,7	0,1,0,0	13,4,5,14	3,0,0,0	53	39
140	24,13,20,17	17,3,8,18	7,10,29,11	17,3,5,12	78	39
144	63,37,60,25	0,0,0,0	34,37,25,32	1,0,0,0	78	39
145	345,209,179,148	36,22,11,9	178,201,146,115	13,17,6,13	78	39
148	41,37,29,12	0,0,1,0	18,35,36,36	0,0,0,1	45	39
153	0,0,0,0	27,12,14,13	0,0,1,0	5,14,6,14	42	39
154	1,8,3,0	11,14,23,28	2,0,3,4	14,15,10,7	45	39
155	28,20,17,13	11,14,23,28	7,14,8,18	14,15,10,7	41	39
156	2,7,2,0	26,20,7,10	0,19,7,1	11,5,10,10	50	39
157	27,27,17,10	5,5,6,3	19,36,23,29	10,12,2,4	65	39
159	44,37,101,73	0,0,0,0	50,50,43,51	0,0,1,7	78	39
163	8,5,5,0	2,13,11,3	2,0,4,3	5,6,8,0	50	39
164	9,8,6,0	45,54,60,20	4,0,3,6	41,50,24,49	78	39
168	33,18,26,9	93,45,80,36	14,13,23,9	42,63,56,68	53	39
169	142,70,105,71	15,6,10,10	95,127,54,77	4,14,6,13	53	39
171	80,32,18,33	7,3,9,0	28,52,16,52	2,7,1,0	78	39
173	12,3,3,11	0,0,0,0	11,2,11,3	0,0,1,0	78	39
175	0,0,3,0	58,22,32,11	2,0,0,0	33,25,16,28	49	39
177	2,0,0,0	3,2,2,14	2,0,3,2	5,7,4,14	42	39
181	0,2,0,0	4,10,8,0	1,0,0,0	1,0,0,1	78	39
182	4,1,1,2	86,55,45,34	3,0,6,2	45,32,38,36	78	39
184	2,2,0,0	27,23,24,13	0,0,0,4	14,29,9,2	63	39
188	4,8,3,0	0,0,0,0	2,6,0,6	0,0,3,0	69	39
190	24,13,11,3	0,5,0,0	6,20,4,5	0,0,2,0	78	39
192	141,54,98,53	35,28,8,3	105,107,51,73	23,30,13,18	78	39
197	5,0,0,0	15,12,13,26	2,0,0,3	34,15,21,11	52	39
199	37,17,20,21	0,0,0,0	19,19,21,36	2,0,0,0	78	39
200	28,8,17,14	146,99,173,60	5,9,13,16	77,90,110,138	42	39
207	11,6,14,1	0,2,9,6	12,5,6,7	3,11,6,0	78	39
208	14,7,11,4	24,0,1,0	12,4,9,13	15,3,0,3	78	39
209	3,4,9,9	24,0,1,0	8,13,12,7	15,3,0,3	71	39
210	0,0,0,0	4,4,1,13	0,2,5,0	11,19,4,0	42	39
213	47,40,46,28	4,3,0,5	26,51,24,35	0,1,0,0	78	39
214	46,33,26,18	0,0,0,0	15,5,9,7	2,0,0,0	57	39
215	42,30,36,27	7,6,3,0	26,28,22,18	1,0,0,7	78	39
217	13,2,0,0	49,8,46,16	2,9,3,11	22,31,20,21	78	39
218	13,3,1,0	2,0,0,2	0,6,4,11	0,0,0,2	78	39
219	7,0,4,0	24,24,24,9	2,4,4,0	20,27,13,10	44	39
220	25,19,4,10	0,1,0,0	18,26,17,29	0,6,0,0	78	39
221	3,0,1,7	0,3,0,1	5,4,2,2	0,0,0,2	65	39
224	0,0,0,0	9,8,19,15	0,0,1,1	13,9,8,18	71	39
225	0,0,2,0	1,3,8,11	1,0,0,0	11,0,9,12	78	39
228	3,3,4,0	0,0,0,0	2,0,0,3	3,0,1,1	47	39
229	18,12,13,13	11,26,14,4	12,7,10,0	9,5,15,16	59	39
230	56,32,69,15	0,4,0,0	34,21,29,34	2,2,0,0	78	39
232	2,0,14,12	3,9,6,16	7,12,1,0	10,7,7,19	54	39
233	5,3,0,0	4,3,8,0	0,0,0,0	7,3,4,4	78	39
237	113,45,64,37	0,0,0,0	63,52,52,77	0,3,0,1	47	39
239	0,7,0,0	3,2,0,4	0,0,0,0	4,1,1,4	78	39
243	7,3,6,9	122,62,71,65	1,0,1,8	53,68,56,59	78	39
247	36,20,1,9	5,0,0,0	2,4,1,4	0,0,0,2	78	39
249	0,0,0,4	232,210,200,107	3,0,1,0	199,165,136,159	43	39
250	20,8,12,3	76,47,50,32	23,28,3,7	31,49,20,27	78	39
251	2,2,0,0	23,14,9,4	1,0,3,0	19,13,13,11	53	39
253	10,2,0,0	36,26,37,38	4,4,0,0	35,72,16,34	78	39
254	12,0,4,13	4,15,0,7	2,0,0,5	12,2,3,6	78	39
255	0,4,0,1	15,6,10,26	3,0,0,0	16,12,2,13	49	39
260	0,0,4,0	0,5,0,0	0,1,2,0	0,0,0,0	47	39
261	4,0,0,0	31,28,16,16	0,13,3,0	26,17,12,28	78	39
262	0,0,0,0	31,28,16,16	0,13,3,0	26,17,12,28	78	39
265	9,0,0,0	8,3,0,7	0,4,0,3	3,0,0,3	63	39
266	0,0,0,0	2,2,4,0	2,0,0,0	7,0,2,4	42	39
267	120,90,74,109	2,0,0,0	49,69,65,93	0,0,0,2	78	39
272	20,12,1,4	6,0,0,0	1,8,11,16	0,0,0,0	78	39
273	183,58,140,63	170,93,117,92	77,73,69,99	138,79,81,111	47	39
274	165,120,105,67	2,2,1,0	119,153,96,124	2,8,1,0	78	39
280	24,6,3,4	0,0,0,0	7,19,10,7	2,0,0,0	71	39
281	0,0,0,0	6,0,0,1	0,2,0,0	4,7,0,3	60	39
282	61,60,83,48	0,0,0,3	39,56,61,55	0,0,0,0	78	39
283	25,23,21,17	47,26,37,42	21,17,13,23	54,46,41,38	74	39
285	1,1,0,0	43,19,15,18	0,0,4,0	23,22,9,19	68	39
289	7,3,13,3	18,17,10,0	0,0,1,2	12,15,19,9	78	39
294	21,6,9,12	3,2,0,0	4,2,23,14	0,0,0,0	67	39
295	3,4,0,0	17,1,9,10	0,0,0,0	14,20,18,35	44	39
296	0,9,0,9	12,6,9,16	15,4,3,1	22,32,12,17	78	39
297	14,15,11,3	0,0,0,0	9,7,23,13	0,0,0,4	78	39
303	945,722,1029,777	0,0,7,3	769,840,680,882	0,3,3,0	78	39
305	48,30,44,39	0,2,0,0	26,45,18,26	0,0,0,0	72	39
307	36,13,7,24	2,0,0,0	17,45,24,17	0,0,0,0	78	39
308	0,0,3,1	0,0,0,0	0,0,0,1	0,0,1,0	42	39
310	57,36,35,32	13,20,15,10	21,53,30,69	5,12,6,1	50	39
312	0,1,0,0	0,0,0,1	1,0,0,0	0,4,3,0	47	39
317	343,162,306,168	9,21,0,7	140,161,125,162	4,2,1,0	55	39
318	21,6,5,16	0,0,0,0	21,16,16,20	0,0,1,0	78	39
326	24,12,11,4	0,0,0,0	6,21,3,10	6,6,0,0	77	39
328	5,2,9,3	21,18,23,10	6,0,0,2	7,30,16,10	78	39
329	6,0,0,0	9,6,11,6	0,3,0,1	13,7,15,1	78	39
330	28,14,44,10	0,0,13,0	15,28,18,22	0,0,2,0	67	39
339	29,22,6,18	26,6,18,12	10,26,1,1	4,9,8,17	42	39
340	5,6,10,13	8,0,0,3	5,5,8,30	5,5,3,0	50	39
342	0,4,12,0	2,0,8,7	5,9,4,0	0,9,2,0	78	39
343	0,4,0,1	0,1,0,0	0,2,0,0	0,2,0,1	78	39
345	60,19,64,26	2,0,0,0	16,26,29,27	0,0,0,0	55	39
347	0,0,0,0	1,1,11,1	1,0,0,0	13,8,3,16	63	39
350	8,18,28,18	0,0,6,0	22,11,13,6	0,0,0,0	77	39
353	23,12,11,7	28,20,13,22	10,26,16,3	15,5,6,19	44	39
366	1,0,2,0	24,10,13,7	4,0,3,0	5,4,6,3	48	39
367	7,10,10,0	16,21,15,12	0,11,2,1	19,20,9,4	63	39
369	8,32,16,17	0,0,6,0	22,19,42,31	0,0,0,0	78	39
370	0,5,2,16	0,0,6,0	11,10,3,8	0,0,0,0	75	39
373	32,26,9,29	2,0,0,0	12,19,24,17	0,0,0,0	78	39
375	0,0,3,0	39,6,17,39	2,0,0,0	16,12,14,7	42	39
377	14,1,0,0	117,90,120,100	5,12,5,3	56,45,54,82	41	39
384	4,0,0,0	78,41,37,27	0,0,0,0	43,45,28,28	78	39
391	25,20,48,41	23,17,13,7	35,52,32,38	11,6,14,7	44	39
393	5,0,8,0	0,0,0,0	4,0,0,3	1,0,6,3	44	39
395	56,39,56,32	3,0,2,0	32,41,35,45	0,0,0,0	66	39
396	0,5,0,0	27,13,37,26	2,0,3,0	14,17,7,23	55	39
402	14,4,9,5	3,1,6,0	4,6,12,7	2,0,0,0	78	39
403	8,1,2,0	0,0,4,0	6,9,10,1	2,0,0,0	65	39
406	1,0,0,1	7,8,18,21	0,0,0,1	7,13,9,12	45	39
408	124,49,87,37	2,3,8,0	39,66,59,63	4,0,1,6	78	39
410	21,23,4,9	5,8,3,4	8,2,5,13	1,0,2,0	78	39
413	29,22,19,5	9,0,0,0	9,22,11,13	0,0,0,0	78	39
414	136,93,94,36	3,4,22,0	44,61,85,74	0,13,3,7	44	39
415	8,2,17,18	67,35,43,30	20,24,21,13	64,34,30,42	55	39
416	6,9,4,10	0,0,2,0	22,11,6,0	2,5,6,3	61	39
418	2,4,15,0	11,6,13,7	3,0,0,2	6,15,7,19	47	39
422	0,2,0,17	2,0,0,0	3,0,0,6	0,3,1,0	75	39
423	19,3,0,5	27,18,23,25	3,0,18,1	32,11,15,17	78	39
424	20,14,10,4	2,1,4,9	8,7,11,11	5,4,5,8	74	39
426	18,3,14,15	17,10,2,0	15,7,16,17	5,9,4,2	78	39
427	5,5,1,0	5,2,0,0	8,10,0,8	2,9,8,6	78	39
428	22,27,5,5	4,2,2,7	17,18,22,7	0,0,0,3	78	39
440	46,24,58,36	6,2,6,2	49,35,26,15	4,10,1,16	78	39
442	144,100,119,85	0,2,0,0	77,82,82,75	0,0,0,0	78	39
443	23,11,6,3	48,9,42,21	15,5,5,4	22,27,17,27	78	39
444	28,9,34,16	10,12,20,10	30,26,27,14	14,22,7,8	78	39
445	15,17,5,0	4,15,9,6	4,0,2,6	7,0,7,7	68	39
446	21,6,8,6	0,3,0,0	17,11,6,1	0,0,0,0	45	39
448	28,19,21,27	7,12,5,5	17,19,26,20	3,7,0,5	47	39
450	2,0,2,4	242,205,200,168	0,5,0,0	163,150,134,205	78	39
451	0,10,0,0	0,1,2,0	0,0,3,0	4,0,0,2	78	39
453	0,0,0,0	3,0,3,0	0,0,5,0	0,5,1,5	47	39
455	0,0,0,0	20,42,17,28	0,0,4,0	27,8,14,15	44	39
457	0,0,0,0	0,9,0,0	2,6,1,0	4,12,0,0	78	39
458	2,1,2,0	0,0,0,0	0,0,1,0	0,0,1,0	57	39
461	4,0,4,0	29,17,35,10	0,0,5,0	12,5,5,14	78	39
464	13,1,17,2	3,0,0,0	10,14,1,16	0,0,0,0	78	39
465	1,0,0,0	63,38,30,27	0,0,0,0	50,47,40,48	78	39
467	4,2,18,0	0,3,0,0	2,2,7,2	0,0,0,0	64	39
468	62,39,53,13	9,1,0,0	45,46,28,29	0,4,0,0	78	39
471	0,0,0,2	0,0,4,0	0,0,0,0	1,0,0,0	78	39
472	0,0,0,2	0,0,4,0	0,0,0,0	1,0,0,0	78	39
474	40,22,32,7	2,0,0,0	22,11,10,9	3,0,0,4	78	39
477	6,17,5,6	1,5,0,0	7,10,18,11	0,0,0,0	78	39
483	2,0,0,0	20,27,6,1	2,0,2,0	8,22,7,4	50	39
484	6,17,8,0	7,0,16,2	1,3,3,3	12,13,5,10	78	39
485	2,13,14,6	4,0,0,3	6,0,10,4	0,0,0,0	78	39
486	9,13,30,8	4,0,0,3	18,13,15,14	0,0,0,0	78	39
487	81,71,82,61	0,2,6,1	64,82,63,56	0,0,1,1	49	39
488	7,10,4,0	18,8,3,16	1,0,3,0	2,4,9,9	44	39
496	6,13,1,0	0,4,7,1	0,5,1,5	0,6,0,1	66	39
497	3,0,0,2	111,109,92,54	9,0,0,5	85,80,93,76	67	39
498	0,0,0,0	11,17,24,15	1,0,0,0	20,15,6,5	47	39
499	2,0,0,17	48,53,27,16	1,8,3,0	30,43,39,24	78	39
500	4,0,0,5	49,29,34,11	1,0,0,2	27,22,10,33	61	39
501	1,0,0,0	1,0,0,0	0,0,2,0	0,0,0,0	78	39
502	4,2,0,0	10,6,5,18	3,7,3,0	8,17,14,7	50	39
503	6,1,0,0	0,0,1,0	0,8,2,3	3,1,0,0	41	39
507	156,106,122,119	305,159,326,159	83,91,72,76	190,162,145,190	50	39
509	0,9,0,0	28,16,36,16	1,1,1,4	21,41,12,20	43	39
511	202,101,146,105	0,0,1,0	91,151,92,96	0,0,2,0	78	39
512	7,8,1,2	0,0,1,0	4,4,0,5	0,0,2,0	42	39
513	77,47,78,58	1,2,4,0	81,75,56,82	3,7,0,7	42	39
515	5,6,12,6	7,5,0,5	4,6,0,0	4,0,2,7	78	39
516	0,0,0,0	0,1,0,0	0,0,2,0	0,1,0,0	77	39
520	456,347,296,226	50,24,30,10	299,384,292,339	15,30,20,22	68	39
522	100,76,120,89	0,2,3,0	78,60,73,88	5,2,2,0	57	39
523	0,0,0,0	33,21,26,21	0,0,0,1	23,12,7,42	70	39
524	34,20,36,53	0,6,0,0	25,30,30,20	0,10,1,3	50	39
525	2,1,0,0	5,27,14,12	3,0,5,0	4,8,5,13	78	39
529	5,8,0,0	15,7,5,1	1,0,0,0	10,7,1,5	78	39
532	17,11,5,11	11,9,6,10	15,17,0,3	5,11,8,10	55	39
533	23,3,14,4	4,3,0,0	8,7,10,7	0,0,2,8	78	39
534	13,2,14,10	0,0,0,0	11,20,7,1	0,5,0,0	78	39
536	0,0,2,0	5,0,10,9	2,9,2,2	9,28,4,23	78	39
542	1,3,0,0	24,23,24,25	0,0,0,0	23,17,19,16	73	39
543	2,0,0,6	14,13,13,7	6,0,7,4	16,13,7,3	59	39
545	13,20,41,32	0,0,0,0	10,4,17,38	0,0,0,3	78	39
546	2,3,1,0	22,9,23,3	1,0,1,0	9,25,4,7	78	39
547	16,6,15,3	1,0,0,0	8,19,9,11	0,0,0,0	78	39
552	0,0,0,0	21,24,19,8	0,0,1,0	10,17,7,16	78	39
554	0,2,3,0	3,3,5,0	0,2,0,0	2,3,1,1	53	39
555	603,374,351,269	0,0,2,0	283,318,286,250	1,0,0,0	78	39
559	2700,1809,2246,1578	0,0,2,0	1688,1946,1679,1974	0,0,0,0	78	39
560	12,10,9,5	8,0,5,0	8,7,8,12	0,0,2,4	52	39
561	1,1,0,0	3,0,0,0	1,3,0,1	0,0,0,0	78	39
562	9,7,16,8	0,0,0,5	0,10,6,8	0,0,0,0	78	39
563	7,0,7,1	56,14,44,19	4,0,0,13	20,30,17,31	55	39
567	27,43,26,16	1,3,10,0	29,43,9,41	3,4,1,0	78	39
568	58,36,47,37	3,5,19,0	40,45,41,41	0,5,0,2	78	39
576	71,41,42,25	5,2,6,7	55,26,34,60	3,9,3,6	78	39
581	0,0,0,2	1,2,0,0	0,0,0,3	2,1,2,4	78	39
582	0,0,7,0	6,6,10,4	0,0,1,0	7,0,4,4	78	39
583	13,7,9,3	0,0,2,3	3,9,2,1	1,0,0,0	78	39
584	197,249,362,239	1,5,0,0	289,307,229,208	0,5,0,0	47	39
585	6,11,14,8	0,0,0,0	8,10,4,11	1,0,0,0	78	39
586	0,0,3,0	2,2,5,6	1,2,2,5	3,3,4,0	53	39
587	16,2,2,3	12,5,2,11	2,1,0,4	15,0,8,6	44	39
588	13,8,10,0	1,1,2,2	2,3,2,8	4,15,2,1	78	39
590	0,0,0,4	21,19,10,8	3,0,0,0	10,10,5,7	50	39
594	84,84,77,62	0,0,0,0	69,55,66,61	0,0,2,0	78	39
595	0,6,0,0	158,79,43,61	6,7,0,0	82,94,62,112	49	39
597	120,79,103,107	53,41,36,28	102,95,95,120	26,35,25,20	78	39
609	12,2,13,9	14,15,16,6	0,0,6,8	19,22,10,6	78	39
610	77,68,116,66	2,0,0,0	48,70,70,51	3,0,0,2	61	39
611	0,0,0,0	15,8,33,9	1,0,0,1	19,5,11,24	78	39
615	35,22,14,13	24,11,15,15	15,20,18,22	4,11,14,18	44	39
619	5,0,0,0	19,4,7,23	0,0,0,7	8,16,14,20	60	39
620	19,4,7,23	3,0,0,0	8,17,14,20	0,0,0,0	78	39
621	33,36,62,44	1438,831,1212,787	38,43,31,44	916,1168,816,1203	78	39
622	31,13,12,10	5,1,7,0	16,13,5,23	0,0,0,0	78	39
623	0,2,0,0	77,77,40,40	0,0,0,0	29,32,11,53	78	39
624	16,4,0,3	17,20,22,2	3,0,7,1	10,3,7,0	49	39
625	14,11,20,4	0,0,5,0	15,5,13,10	0,0,0,0	78	39
626	0,4,4,9	11,0,1,6	7,3,0,8	1,11,6,0	78	39
627	1,4,4,9	11,0,1,6	7,3,3,8	1,11,6,0	78	39
632	1,6,9,8	0,2,0,0	14,7,5,14	0,1,0,0	78	39
633	2,1,4,0	0,0,0,0	2,0,0,3	1,0,0,0	52	39
635	0,0,0,0	27,23,11,8	0,0,3,1	33,42,7,18	47	39
637	7,0,0,25	17,3,13,3	3,0,0,5	4,0,7,5	62	39
639	31,33,39,16	71,45,35,22	16,25,23,37	44,53,20,37	78	39
640	3,0,0,2	45,50,38,21	2,0,6,6	16,32,11,38	47	39
642	6,5,0,0	8,28,25,19	0,0,0,0	18,5,20,3	78	39
644	5,4,2,9	30,13,4,13	1,8,0,3	12,13,11,6	78	39
646	52,25,28,31	3,1,2,5	24,16,22,18	5,0,3,0	78	39
648	93,35,57,70	40,15,40,29	50,31,44,39	15,29,16,26	78	39
649	11,11,3,0	9,9,5,5	7,2,1,14	5,2,4,3	78	39
650	46,26,26,29	6,3,0,3	19,20,10,15	10,6,2,4	78	39
651	50,48,48,21	0,0,0,0	39,50,40,41	0,2,0,1	78	39
653	1,0,0,0	31,23,25,12	0,15,1,1	11,19,11,20	42	39
654	41,22,12,24	0,0,0,0	16,60,14,18	0,0,0,3	78	39
655	72,45,37,36	0,0,0,0	27,67,24,37	0,0,0,3	78	39
657	0,0,0,5	0,0,0,2	0,0,0,0	6,6,0,1	78	39
658	7,8,5,5	1,0,0,0	5,0,2,9	1,3,0,3	43	39
659	0,0,0,0	0,0,0,6	0,0,4,4	1,0,3,0	42	39
661	12,3,1,0	3,3,3,3	4,0,4,8	4,0,1,0	78	39
663	12,3,1,6	3,3,3,3	5,0,3,4	4,0,1,0	78	39
664	1,0,0,0	3,3,3,3	4,0,0,0	4,0,1,0	46	39
665	57,52,51,40	14,14,11,1	38,73,42,53	19,16,11,9	78	39
674	13,8,0,0	3,0,0,0	10,13,1,2	0,0,0,0	78	39
675	50,28,51,32	12,0,0,0	21,55,46,33	6,4,0,4	78	39
676	2,1,5,2	25,14,27,35	1,0,0,6	34,38,31,16	60	39
678	0,0,3,0	8,15,5,4	0,0,2,0	4,15,4,3	48	39
680	1,0,0,4	4,0,1,0	4,0,2,3	2,7,6,0	78	39
683	0,0,0,1	0,0,0,0	0,0,0,0	0,0,2,0	78	39
684	136,108,168,81	146,124,126,92	76,75,104,80	103,98,88,85	59	39
685	120,73,125,66	74,28,31,11	77,105,88,106	33,21,22,23	53	39
688	1,1,2,0	10,5,27,0	0,0,0,2	4,5,4,20	47	39
690	12,4,10,5	22,10,25,3	7,3,5,11	23,18,5,15	62	39
691	89,49,68,54	4,0,0,0	89,62,68,69	0,2,0,4	78	39
692	3,1,11,0	2,4,0,0	2,0,4,4	3,0,2,0	78	39
693	1,0,0,0	3,5,0,0	0,0,1,0	0,4,0,0	52	39
694	0,3,6,0	7,9,9,0	0,2,2,2	4,0,0,3	45	39
697	2,11,0,15	4,3,6,5	7,9,3,3	0,0,0,0	59	39
705	35,22,31,30	5,1,3,0	9,20,30,13	1,3,0,4	78	39
706	30,19,20,14	5,1,3,0	7,20,15,10	1,3,0,4	78	39
707	0,0,4,0	5,3,11,16	0,0,4,1	2,0,15,3	78	39
708	50,36,35,35	0,0,0,0	16,33,24,23	0,0,0,3	47	39
709	3,5,0,0	25,13,2,3	5,4,2,0	2,8,7,7	78	39
712	73,22,66,25	1,0,0,0	36,36,22,29	0,0,0,0	78	39
715	7,12,21,7	83,49,30,29	7,6,8,7	43,24,18,39	78	39
717	14,1,10,0	71,32,40,16	10,31,5,8	27,44,28,13	78	39
720	5,4,0,4	0,0,3,0	7,6,8,1	2,0,0,0	53	39
721	3,0,0,3	0,0,0,0	0,1,0,4	3,0,0,3	78	39
724	8,7,1,0	0,4,3,0	0,0,6,4	0,0,0,0	41	39
725	8,7,1,0	7,4,0,0	0,0,6,4	4,0,0,0	50	39
726	12,8,6,6	1,0,0,0	0,6,7,6	0,0,0,0	78	39
727	0,4,3,0	7,4,0,0	0,0,0,0	4,0,0,0	47	39
728	4,5,8,6	1,0,0,0	0,6,1,2	0,0,0,0	78	39
729	11,5,5,6	1,0,0,0	4,6,1,2	0,0,0,0	78	39
732	7,0,0,0	8,0,0,0	0,0,0,0	0,0,1,0	78	39
735	0,4,0,0	2,0,7,3	1,0,1,0	2,6,0,0	78	39
737	0,3,0,0	0,0,0,0	0,0,0,0	1,0,0,0	78	39
741	0,10,6,0	11,0,19,7	2,0,0,4	14,22,7,6	61	39
742	50,35,45,23	3,0,0,0	36,28,48,33	0,2,3,0	78	39
743	25,9,21,21	16,4,2,2	27,19,14,10	12,2,3,8	78	39
744	9,3,8,2	0,7,2,0	1,7,9,8	6,9,1,0	50	39
745	15,6,9,4	3,0,1,0	19,17,4,15	0,0,2,1	78	39
746	10,10,6,3	3,0,1,0	24,26,2,7	0,0,2,1	78	39
750	22,7,9,2	0,0,0,0	5,11,4,7	1,1,0,6	49	39
751	31,7,9,2	0,0,0,0	5,11,4,7	1,1,0,6	78	39
753	54,36,36,8	1,0,2,0	33,45,29,43	2,0,1,0	49	39
754	31,7,9,2	1,0,2,0	5,11,5,7	2,0,1,0	78	39
755	11,0,0,0	32,29,27,6	0,0,1,0	28,34,25,36	78	39
756	1,2,1,5	0,3,0,0	0,2,0,6	0,0,0,0	50	39
757	1,0,7,0	4,7,4,4	0,6,2,4	12,7,2,2	78	39
758	5,0,0,0	36,31,47,32	0,0,0,7	40,42,41,20	53	39
763	3,0,3,1	12,13,13,6	0,4,0,0	13,8,7,18	54	39
764	1,3,9,3	1,0,7,0	0,15,1,0	0,0,8,6	78	39
766	1,0,2,0	13,5,17,9	3,4,0,0	15,12,5,9	78	39
770	8,3,7,0	0,0,0,0	3,2,5,4	2,0,0,0	52	39
771	97,93,86,55	0,4,0,0	63,93,83,76	0,0,0,0	66	39
774	8,0,10,2	11,8,0,8	3,2,3,4	0,3,5,0	78	39
776	21,20,26,13	21,11,21,16	12,32,19,22	17,45,9,20	78	39
778	4,0,0,4	25,22,21,14	0,0,0,0	9,12,12,26	54	39
784	30,9,20,4	1,0,0,0	2,32,12,27	2,0,0,0	78	39
788	69,58,56,85	4,0,0,0	33,41,56,33	0,0,0,0	42	39
789	20,7,7,20	13,10,4,5	12,6,7,15	7,6,6,4	78	39
790	28,28,30,19	0,2,0,0	13,20,11,31	0,0,0,0	78	39
791	2,5,0,0	12,7,10,25	2,0,0,3	0,3,3,5	74	39
793	18,4,22,11	20,12,9,6	13,4,7,11	12,32,19,7	68	39
794	8,5,25,6	10,7,6,3	18,0,2,5	4,8,1,0	68	39
795	6,2,17,6	0,0,0,0	9,2,1,2	2,0,0,0	68	39
798	27,6,10,5	25,26,39,37	6,4,6,20	10,51,12,26	47	39
799	47,15,36,24	17,2,3,2	23,36,7,26	5,13,11,13	53	39
801	25,29,13,8	41,15,11,6	30,47,28,20	23,16,10,13	44	39
803	0,0,0,0	1,0,0,0	0,0,0,6	0,0,0,0	78	39
805	0,0,0,0	17,12,19,0	3,7,1,0	3,13,11,10	78	39
806	9,0,4,1	0,0,0,0	0,0,10,3	3,0,0,0	78	39
807	0,0,3,0	0,0,3,0	0,0,0,2	2,7,0,1	49	39
810	6,2,0,11	0,0,0,0	0,2,1,4	0,0,0,3	78	39
816	44,38,44,32	51,28,28,33	28,13,24,31	42,46,49,35	78	39
817	0,0,0,0	35,8,23,20	0,0,2,0	28,21,12,24	54	39
818	11,12,2,9	4,3,7,0	6,14,6,5	4,0,6,7	47	39
820	13,15,13,14	46,25,21,21	18,18,18,26	28,25,17,18	41	39
822	0,0,10,3	3,5,0,0	3,0,0,0	0,1,2,2	56	39
823	1,0,0,0	10,0,0,0	2,0,2,0	2,5,1,1	47	39
829	20,21,69,15	142,122,219,125	45,29,17,16	152,146,123,177	78	39
830	56,32,41,43	0,1,0,0	58,46,23,50	0,0,0,1	78	39
833	101,69,137,75	63,17,59,45	79,80,84,77	57,32,33,45	78	39
837	69,66,49,28	145,72,105,92	38,59,52,55	84,80,84,83	53	39
838	109,65,71,57	91,86,123,90	55,93,45,85	57,70,62,63	71	39
839	14,0,2,0	4,1,7,0	0,5,6,3	0,0,0,2	78	39
841	0,0,0,0	1,0,0,7	0,0,0,1	3,0,1,2	44	39
844	5,8,8,0	2,0,7,0	2,9,5,5	2,1,0,1	78	39
851	27,22,42,28	5,2,10,5	34,48,29,25	4,0,0,13	78	39
853	0,0,2,0	43,14,23,14	3,0,0,1	21,20,28,16	78	39
854	144,93,108,61	2,3,0,0	74,115,73,71	1,4,0,0	78	39
855	230,149,287,148	0,0,0,0	208,257,156,204	2,0,0,0	78	39
858	105,80,117,47	0,0,0,0	69,103,59,56	0,0,4,0	68	39
859	0,3,0,0	15,8,2,0	0,0,0,0	5,6,9,14	44	39
860	39,27,59,23	0,0,0,7	34,34,14,21	0,0,0,0	78	39
868	44,21,25,8	3,0,0,0	21,14,11,22	0,0,0,0	56	39
870	41,39,57,13	0,1,3,0	7,31,17,39	3,0,0,0	78	39
871	99,52,47,50	0,0,0,0	48,65,39,49	3,0,0,0	49	39
881	18,7,6,5	1,0,0,1	7,7,1,7	0,0,1,5	51	39
882	9,9,14,0	43,58,75,73	3,20,0,10	80,87,54,75	78	39
889	2,5,0,0	24,17,16,9	0,0,1,5	11,16,29,13	77	39
891	28,12,31,7	0,9,17,4	16,21,5,13	12,3,8,5	65	39
892	123,58,77,55	4,2,0,0	94,107,48,72	0,0,2,0	51	39
893	0,0,0,0	57,57,46,29	4,2,0,2	39,46,36,37	48	39
895	49,14,36,39	1,0,0,0	27,47,36,33	0,0,0,0	78	39
898	1,0,0,0	0,1,5,0	0,0,0,0	4,0,7,0	43	39
900	0,0,0,3	0,0,0,0	0,0,0,0	3,0,0,0	78	39
901	0,1,6,0	0,0,0,0	1,3,0,0	0,0,0,5	78	39
902	11,5,12,3	22,14,15,17	9,0,3,4	17,9,9,17	78	39
905	6,5,0,1	48,33,37,39	5,10,6,1	31,17,23,54	41	39
912	10,7,3,11	78,38,36,24	8,15,16,16	14,40,37,26	78	39
916	25,7,32,6	35,40,36,14	6,5,4,8	12,15,25,17	47	39
919	0,3,0,0	2,5,2,3	0,0,4,0	0,0,0,5	42	39
921	2,0,0,0	48,29,38,39	5,0,0,4	40,34,44,50	42	39
922	0,0,0,1	0,0,0,0	0,0,0,0	0,0,0,2	66	39
923	1,6,0,0	15,0,5,14	1,2,0,1	5,8,13,8	56	39
924	0,1,0,0	2,1,4,0	0,0,0,0	3,0,4,14	39	39
926	7,1,0,0	6,4,0,0	7,3,2,2	5,7,3,0	78	39
929	72,45,70,88	4,5,2,0	54,69,84,71	6,0,0,6	78	39
930	50,32,64,72	7,2,4,8	48,74,77,70	6,0,2,0	78	39
931	30,15,34,22	7,2,4,8	37,34,41,36	6,0,2,0	78	39
932	83,68,76,27	2,0,0,0	61,70,49,45	0,0,0,2	78	39
933	0,3,0,0	0,3,0,0	5,4,0,0	0,0,0,0	41	39
934	287,187,211,153	0,0,1,0	133,218,128,224	0,0,0,0	78	39
935	0,3,0,0	0,0,0,0	0,0,0,0	6,0,4,0	78	39
937	4,1,0,0	4,0,0,0	2,0,0,0	1,0,0,0	42	39
938	4,0,1,0	0,1,5,0	3,0,0,0	4,0,3,9	78	39
939	10,12,1,0	0,0,0,0	5,5,10,9	0,3,0,0	78	39
945	4,2,1,0	24,5,14,5	2,4,3,5	4,7,2,6	78	39
949	0,2,0,0	54,42,37,37	2,0,2,0	26,15,28,23	78	39
950	33,27,41,12	12,7,7,0	32,23,36,31	7,6,2,14	78	39
956	32,22,31,11	45,29,32,13	18,32,17,20	12,25,13,19	44	39
957	14,17,18,17	0,0,0,11	21,18,10,5	1,0,0,0	73	39
960	112,99,89,66	11,12,27,8	74,80,57,63	17,1,4,0	56	39
961	58,87,118,55	3,0,0,0	66,95,60,62	0,5,0,0	47	39
962	69,92,125,63	4,11,0,9	79,88,64,62	0,8,11,11	47	39
963	58,83,98,60	0,0,0,2	64,87,60,62	1,0,1,0	47	39
966	18,33,28,18	0,0,0,0	12,26,28,17	0,2,0,0	78	39
967	0,9,0,0	36,14,19,13	0,0,0,0	14,15,11,15	78	39
968	4,1,0,0	11,6,1,6	4,15,5,0	3,10,6,5	78	39
969	98,47,152,76	0,0,0,0	107,79,75,66	0,0,0,3	78	39
970	2,0,0,0	0,0,0,2	0,0,0,3	0,4,4,0	78	39
971	3,3,16,0	58,39,36,35	0,7,3,5	46,22,26,47	78	39
974	8,4,2,4	5,8,15,12	4,3,8,0	14,6,5,13	40	39
978	6,4,4,1	5,2,0,0	6,2,1,6	3,0,0,0	42	39
979	0,0,0,2	31,26,18,2	0,0,0,0	15,15,7,29	49	39
981	6,3,0,1	17,11,6,7	0,0,0,0	12,23,8,29	78	39
982	9,2,6,11	0,0,0,6	2,3,3,1	0,0,0,0	78	39
983	9,0,3,11	0,0,0,0	2,8,4,7	0,3,0,0	78	39
985	7,0,7,2	0,0,0,0	0,0,1,0	0,5,0,0	53	39
988	5,0,0,0	2,3,13,9	0,5,0,0	5,2,8,9	78	39
990	8,4,0,0	2,3,4,3	3,3,3,0	4,4,3,5	78	39
991	15,14,16,3	0,3,0,3	10,0,7,0	0,0,0,0	78	39
992	6,4,8,3	2,0,0,0	8,0,3,0	0,7,0,0	78	39
997	13,9,18,6	4,5,9,10	13,17,6,6	6,11,7,12	78	39
999	4,1,3,0	73,71,43,39	0,0,2,6	65,105,41,42	42	39
1000	1,2,0,0	3,0,2,0	0,0,0,0	5,0,1,0	78	39
1002	1,0,0,0	0,0,0,0	0,5,0,0	0,1,0,0	78	39
1003	0,0,0,0	1,0,0,0	0,1,0,0	0,0,0,0	78	39
1004	16,8,14,20	0,0,0,0	17,28,12,3	0,0,2,0	78	39
1006	2,2,0,0	0,1,0,2	0,0,2,0	2,2,3,0	78	39
1008	3,3,2,0	86,41,82,48	8,3,2,0	44,57,57,59	78	39
1009	0,8,0,3	0,4,1,0	4,0,2,0	0,0,0,0	62	39
1013	20,34,19,13	34,35,18,22	17,18,16,9	14,40,39,23	78	39
1014	1,6,0,0	2,13,14,4	0,1,0,0	5,0,1,8	78	39
1016	0,0,0,0	16,4,11,3	0,0,0,3	1,9,6,6	78	39
1019	0,0,0,2	202,104,165,119	0,0,0,1	110,135,108,132	48	39
1022	0,0,2,0	0,0,0,1	0,0,0,0	0,8,0,0	43	39
1025	294,188,249,144	530,389,471,303	167,242,169,159	406,445,379,437	42	39
1026	5,0,0,0	0,0,0,0	0,0,0,0	0,0,0,3	42	39
1029	92,38,118,22	4,0,0,0	58,95,37,61	0,0,0,0	43	39
1031	2,6,6,0	23,11,40,16	14,2,0,1	27,9,17,22	59	39
1032	23,15,31,14	185,88,91,48	11,7,18,11	79,89,58,80	47	39
1033	11,3,8,0	57,35,33,17	11,0,6,12	19,26,21,24	47	39
1035	11,0,0,1	1,2,0,0	0,1,2,1	1,13,3,2	62	39
1038	2,0,0,0	0,0,0,0	0,0,0,0	1,0,0,0	78	39
1039	162,112,242,174	0,0,0,0	187,155,127,168	0,0,1,0	78	39
1040	145,100,170,108	0,0,7,0	84,127,105,121	1,0,0,5	78	39
1041	7,2,1,1	179,90,181,110	4,3,3,5	109,143,129,121	78	39
1043	35,11,9,13	2,1,0,2	10,13,22,10	0,0,0,3	78	39
1047	34,17,27,23	26,20,36,6	40,49,29,33	44,40,32,23	78	39
1049	13,5,7,7	38,25,46,20	11,12,2,13	23,31,29,29	42	39
1051	0,0,2,0	20,12,31,15	0,0,0,5	6,10,15,39	62	39
1053	0,1,8,0	3,7,0,7	2,14,0,0	6,7,4,18	61	39
1054	203,139,189,124	4,0,2,10	140,143,78,144	5,3,5,0	52	39
1055	6,2,0,0	0,0,0,0	1,0,1,0	0,4,0,0	53	39
1057	8,5,19,1	28,23,13,9	9,6,7,9	15,35,14,22	78	39
1061	1,1,4,2	0,0,0,0	0,0,1,5	3,0,0,0	42	39
1064	61,41,47,37	5,11,0,20	37,27,29,42	10,2,9,11	78	39
1067	1,0,1,0	62,17,64,15	0,8,0,1	33,32,30,31	42	39
1069	4,10,7,0	0,0,0,0	3,0,0,0	2,0,0,0	47	39
1070	21,15,15,19	9,0,9,0	18,15,26,14	2,7,0,2	47	39
1073	7,4,15,7	108,37,79,42	5,7,9,11	59,56,56,99	56	39
1075	18,2,16,14	0,0,0,0	10,17,18,21	3,0,0,0	53	39
1076	172,84,239,148	0,0,0,0	174,139,107,133	3,0,0,0	78	39
1078	24,10,26,17	0,0,0,0	20,24,12,19	0,0,4,0	78	39
1079	7,5,5,7	2,1,3,0	2,0,5,5	2,0,4,0	65	39
1082	11,8,6,4	16,5,8,5	5,4,3,6	4,7,7,13	78	39
1084	7,0,0,0	3,2,7,0	0,0,0,0	4,0,4,0	78	39
1088	0,0,0,0	15,3,20,3	0,3,0,2	16,32,10,12	50	39
1090	10,3,8,10	6,0,0,4	3,12,0,1	2,0,0,3	41	39
1093	15,5,5,0	1,1,0,0	2,0,3,3	0,5,0,0	78	39
1094	1,0,0,0	2,8,2,12	0,0,0,0	3,5,8,7	78	39
1096	0,4,0,0	9,7,15,11	1,0,0,0	5,8,4,10	78	39
1097	0,0,0,0	46,35,47,36	0,0,9,0	36,55,36,33	78	39
1100	26,1,2,8	20,17,4,17	4,0,3,1	12,9,12,4	78	39
1101	97,43,47,22	0,2,0,0	16,56,19,38	0,0,0,0	78	39
1102	7,6,4,7	0,0,3,0	2,1,5,6	0,0,0,0	64	39
1107	0,0,0,1	0,0,2,0	0,0,0,0	0,3,0,3	59	39
1108	0,2,0,0	1,0,11,6	0,0,0,0	0,0,1,1	49	39
1111	0,0,0,0	8,4,7,6	0,1,0,0	3,3,0,9	78	39
1112	636,405,543,410	249,172,221,102	378,422,355,464	157,147,152,196	77	39
1113	146,90,177,101	0,0,0,3	105,176,96,115	0,0,0,0	54	39
1120	0,2,3,0	1,1,0,4	0,0,0,0	2,0,3,3	78	39
1125	4,1,0,0	176,146,107,109	6,1,0,4	113,139,107,144	78	39
1126	3,2,14,2	12,3,6,0	4,0,0,0	8,0,2,2	78	39
1128	0,0,0,0	23,2,6,6	0,0,0,4	4,12,2,0	78	39
1133	98,62,87,91	12,7,4,2	67,76,54,53	2,10,6,5	78	39
1134	173,110,208,94	35,30,72,17	139,128,107,151	36,63,33,55	47	39
1137	23,15,29,15	26,17,16,16	8,14,4,9	19,8,19,13	74	39
1138	145,91,87,67	8,4,0,0	68,68,65,66	4,2,5,0	51	39
1139	200,115,127,134	0,2,0,0	183,173,133,192	0,0,1,0	78	39
1140	149,117,167,146	10,4,0,9	140,191,115,145	0,0,2,6	78	39
1141	368,215,257,186	6,3,1,1	242,321,214,257	2,7,0,2	78	39
1142	50,34,34,33	0,0,0,0	60,54,30,32	0,0,1,0	78	39
1143	170,107,140,101	263,166,186,124	152,125,100,80	191,172,157,185	78	39
1144	283,180,299,234	0,1,0,0	199,220,210,135	1,0,1,0	78	39
1145	23,10,9,11	2,0,0,0	18,8,11,9	0,0,0,0	43	39
1149	4,0,0,0	2,0,0,0	3,0,1,0	0,0,1,2	41	39
1163	36,12,21,19	3,0,9,5	13,6,7,31	0,0,0,0	72	39
1165	1,2,1,0	92,78,118,79	0,0,0,3	61,67,50,106	73	39
1166	5,11,15,0	25,23,27,4	8,10,5,15	25,49,23,28	50	39
1168	19,10,18,10	0,0,0,0	12,26,12,9	0,0,0,1	78	39
1169	3,1,0,8	77,64,51,46	5,0,0,5	55,77,37,52	78	39
1170	120,65,66,62	0,0,0,3	64,84,43,50	0,0,0,0	78	39
1171	83,49,57,50	0,0,0,4	51,50,48,38	0,0,0,0	75	39
1174	19,32,18,8	66,49,110,41	21,33,13,30	81,88,48,66	78	39
1175	177,96,162,75	27,11,17,6	152,126,99,149	13,11,12,14	78	39
1176	144,86,125,76	8,0,7,12	94,100,89,127	7,0,5,10	78	39
1177	64,81,19,38	0,0,0,0	54,27,27,34	2,0,1,8	78	39
1178	84,29,25,34	2,5,12,0	50,48,52,23	11,0,2,7	50	39
1179	44,32,21,8	36,14,9,26	24,30,14,22	17,35,10,22	56	39
1184	50,16,15,15	0,0,7,0	11,27,13,7	0,0,0,2	78	39
1186	23,15,12,7	17,9,13,9	8,7,15,9	1,7,12,1	50	39
1188	44,37,37,5	16,5,11,6	27,35,26,42	0,7,4,11	78	39
1189	29,7,24,11	0,0,0,0	8,20,11,11	0,0,1,0	78	39
1190	29,8,24,11	0,0,3,0	8,20,11,11	0,0,0,0	78	39
1195	6,0,0,2	12,5,11,3	0,0,0,0	2,12,13,4	42	39
1197	10,5,3,0	2,2,0,0	2,6,2,3	1,0,0,0	78	39
1202	23,21,22,27	0,0,0,0	20,16,21,21	0,0,0,2	78	39
1203	0,0,0,0	0,0,0,6	5,0,0,0	0,0,0,0	78	39
1204	11,22,23,24	4,0,0,0	12,28,14,17	0,0,0,0	44	39
1205	41,57,20,20	25,16,18,21	17,31,40,22	8,20,11,24	78	39
1206	22,38,18,14	4,0,0,0	17,24,20,14	0,4,0,0	78	39
1207	0,3,0,0	77,33,62,30	0,0,0,0	32,90,37,59	78	39
1209	477,297,430,293	2,0,0,0	301,373,245,343	0,0,0,0	78	39
1210	11,16,8,7	0,6,0,0	11,12,16,4	1,0,0,7	45	39
1211	2,0,1,7	3,0,0,0	2,0,5,0	0,2,0,0	78	39
1212	61,20,63,58	23,21,18,19	43,58,40,42	18,24,5,17	59	39
1213	7,1,8,7	10,13,18,3	6,9,3,5	15,20,16,5	78	39
1215	28,14,32,21	0,0,0,0	31,25,20,13	1,0,0,0	78	39
1216	311,171,177,175	352,203,280,208	205,205,188,297	325,326,242,276	78	39
1217	2,0,2,0	5,0,0,0	2,0,0,0	2,3,0,0	53	39
1219	48,44,78,30	2,0,0,0	54,50,37,43	0,0,4,0	78	39
1222	4,4,4,0	0,0,0,0	2,0,0,2	0,8,0,5	78	39
1227	23,28,17,4	0,0,0,4	14,8,12,19	0,0,0,0	78	39
1228	19,12,7,9	0,2,0,0	5,11,0,5	2,0,0,0	47	39
1229	2,1,0,0	5,4,5,15	0,0,0,3	6,0,1,2	71	39
1230	7,0,22,2	0,0,0,2	9,5,4,6	0,0,0,0	59	39
1231	0,0,0,0	12,6,9,0	0,0,0,2	13,19,13,14	40	39
1232	8,4,11,0	12,3,6,0	7,25,3,7	5,10,5,4	47	39
1237	0,0,0,3	21,10,10,7	0,0,0,2	13,6,6,3	62	39
1240	0,0,0,0	6,18,28,15	1,0,0,0	18,32,16,11	78	39
1241	0,3,0,0	8,12,1,0	0,0,2,0	3,1,0,4	78	39
1242	0,3,0,0	7,5,6,0	1,0,6,0	5,7,3,5	52	39
1245	180,134,207,117	0,0,0,2	113,103,105,128	0,0,5,0	78	39
1246	74,54,76,47	0,0,0,2	56,83,56,50	0,0,1,0	78	39
1247	3,0,0,3	11,0,0,0	0,0,0,0	2,10,3,6	47	39
1255	0,4,0,0	1,0,3,0	4,0,2,0	0,0,2,0	78	39
1256	0,4,0,0	0,0,1,0	4,0,2,0	2,0,3,8	78	39
1257	1,0,3,0	0,0,1,0	0,0,2,0	2,0,3,8	41	39
1265	1,6,12,2	5,2,0,0	14,14,8,0	3,3,0,0	78	39
1267	2,0,0,0	43,29,41,28	0,0,0,0	41,73,41,31	46	39
1270	182,104,121,79	0,0,0,0	104,115,108,151	0,4,0,0	44	39
1272	2,1,11,7	7,12,1,0	3,7,1,4	10,3,2,11	57	39
1273	0,0,0,4	8,9,22,11	1,0,0,0	9,12,6,6	78	39
1277	0,1,0,0	10,0,14,7	1,0,0,0	13,13,4,4	78	39
1278	8,2,0,0	36,13,56,19	0,0,2,9	13,28,17,29	78	39
1279	0,0,0,0	3,2,1,0	4,0,0,0	5,13,7,4	78	39
1280	42,16,15,11	0,0,4,0	23,26,32,29	0,0,0,0	78	39
1281	2,0,2,2	0,0,6,0	0,0,0,0	0,0,3,0	78	39
1283	5,0,0,0	37,11,5,1	0,0,0,4	1,24,11,3	53	39
1284	14,0,0,0	6,14,0,7	0,0,0,4	5,3,2,4	53	39
1288	144,82,103,72	64,38,29,6	97,112,76,105	27,37,30,30	42	39
1292	0,0,0,0	4,1,8,4	3,0,0,0	9,2,0,7	43	39
1297	9,4,6,0	15,6,5,3	2,12,0,0	0,0,5,3	78	39
1300	73,45,29,10	68,26,53,33	28,21,20,35	39,53,31,22	44	39
1301	10,5,2,3	75,64,56,57	4,12,3,8	54,33,47,45	78	39
1306	16,3,9,11	0,2,0,0	8,26,14,19	0,0,0,0	63	39
1307	22,19,14,1	0,0,2,0	16,14,12,12	0,0,0,0	78	39
1308	92,35,59,39	39,13,15,24	45,61,42,59	10,21,20,26	69	39
1310	3,5,0,3	9,1,10,15	0,6,0,0	2,9,3,6	41	39
1312	8,4,7,2	7,1,3,4	6,7,5,1	3,0,0,5	78	39
1313	12,0,4,11	34,20,36,16	13,10,2,3	24,34,13,13	78	39
1316	44,22,30,25	0,0,0,0	19,24,12,22	4,0,3,2	78	39
1317	11,12,15,3	17,13,24,21	17,5,4,11	23,8,10,8	67	39
1318	89,52,37,70	0,3,0,4	29,48,35,68	0,5,0,0	78	39
1320	2,0,1,6	33,4,53,23	4,3,2,0	18,25,8,15	78	39
1321	0,0,0,0	8,13,8,3	4,12,1,1	3,6,7,6	78	39
1323	49,36,37,9	3,0,0,0	19,39,28,31	0,0,0,0	78	39
1324	3,0,0,0	1,0,0,0	0,0,0,5	0,0,0,0	78	39
1329	161,105,162,133	0,0,0,0	93,108,103,118	0,2,0,0	78	39
1330	0,0,1,3	0,4,0,0	0,0,3,0	0,0,2,0	78	39
1331	5,0,10,5	10,1,7,4	5,5,4,2	1,9,4,2	78	39
1332	6,3,2,3	15,26,26,5	1,3,0,0	14,20,11,14	78	39
1336	4,0,0,0	19,4,25,3	1,3,4,0	5,19,16,11	66	39
1337	4,2,3,0	32,4,4,4	6,5,4,10	2,26,11,15	62	39
1338	13,0,0,0	18,6,1,0	0,0,0,0	11,12,1,5	72	39
1341	0,0,0,3	12,1,9,3	0,3,3,0	11,7,0,5	70	39
1344	14,13,7,9	0,1,0,0	14,5,11,3	0,0,0,0	78	39
1347	0,0,0,0	2,8,10,7	0,0,0,1	11,6,18,21	53	39
1352	11,7,6,3	50,34,39,9	2,2,0,0	40,45,36,40	56	39
1353	199,98,157,73	42,10,30,13	76,100,77,88	13,6,11,12	78	39
1354	1,8,10,0	134,86,100,55	2,8,1,7	73,128,45,78	78	39
1356	21,12,15,7	31,16,22,17	27,37,17,29	24,29,26,21	48	39
1357	0,0,0,0	6,4,17,12	0,0,0,2	1,0,3,2	48	39
1358	304,188,256,127	0,0,0,0	183,220,129,145	2,11,0,0	78	39
1359	0,0,0,0	4,5,6,4	0,2,0,0	17,14,5,4	54	39
1360	5,0,0,0	13,3,6,0	2,2,0,0	12,3,18,10	69	39
1361	0,1,3,3	0,0,0,0	5,0,3,4	3,0,0,0	67	39
1364	143,110,124,114	4,3,0,0	142,166,143,128	5,4,3,0	78	39
1365	0,2,0,0	6,0,10,0	0,4,0,0	0,0,3,0	42	39
1368	22,19,40,19	7,0,19,3	14,7,23,11	0,7,3,0	53	39
1374	0,3,3,10	66,32,16,40	0,5,1,3	46,28,23,36	78	39
1379	26,18,33,13	0,0,0,0	16,38,16,22	0,2,0,0	71	39
1381	0,0,0,0	50,17,23,27	0,0,1,0	22,5,20,16	45	39
1382	51,20,52,12	0,0,4,0	37,23,27,39	0,0,0,0	78	39
1383	3,0,0,0	146,100,74,37	0,0,0,0	56,53,42,64	78	39
1385	33,63,36,14	797,413,539,290	4,9,9,27	290,451,272,525	58	39
1387	6,3,0,2	14,6,9,9	3,2,1,0	3,7,5,7	53	39
1389	0,2,0,0	12,8,11,3	1,4,0,0	19,10,7,3	52	39
1390	10,6,0,6	5,0,0,0	0,0,1,7	0,0,0,0	56	39
1391	59,60,63,26	4,3,7,6	47,31,51,60	2,0,2,2	78	39
1397	3,0,0,0	0,0,0,0	0,0,2,0	0,0,2,0	62	39
1409	6,2,9,10	9,10,5,0	0,0,1,1	1,5,9,6	78	39
1411	16,7,0,0	5,0,3,0	5,0,9,6	6,8,0,14	40	39
1413	823,384,801,470	639,434,872,454	530,500,353,527	530,598,449,655	71	39
1415	232,121,143,68	1770,835,1451,880	149,166,73,166	1059,1272,876,1289	78	39
1418	1,0,0,0	0,0,0,0	2,0,0,9	0,0,0,3	78	39
1419	36,15,35,23	0,1,0,0	35,9,30,36	0,3,0,0	78	39
1420	8,14,12,8	22,1,27,9	10,3,3,6	10,5,9,9	47	39
1422	9,7,9,5	9,11,5,10	6,13,9,18	8,12,2,0	64	39
1425	0,0,0,0	0,0,2,0	2,0,0,0	1,0,0,3	60	39
1427	4,1,0,5	99,47,76,55	2,1,5,0	71,46,71,27	41	39
1429	40,2,14,4	0,0,0,0	19,5,16,12	0,0,0,4	78	39
1433	7,0,0,3	0,0,2,0	0,4,0,0	0,0,0,2	78	39
1435	0,0,0,0	1,0,1,2	2,0,0,0	4,11,0,5	42	39
1436	0,4,9,0	8,0,7,1	4,0,0,0	11,7,1,8	78	39
1437	1,1,0,2	9,11,0,0	0,0,0,2	5,7,6,1	78	39
1440	2,0,0,0	25,16,20,28	0,0,0,0	22,10,31,26	51	39
1442	3,3,0,0	31,23,12,13	0,5,0,4	28,32,21,26	78	39
1443	130,121,169,106	24,2,24,2	147,168,120,116	14,16,9,1	47	39
1447	22,20,16,3	1,0,0,0	9,14,18,21	0,0,0,0	78	39
1448	2,1,0,0	0,2,8,5	3,0,0,0	5,7,11,13	78	39
1450	0,10,0,11	0,0,0,0	4,5,0,0	0,0,1,0	78	39
1454	4,3,0,7	53,18,31,40	4,2,0,0	22,18,27,29	78	39
1456	0,0,5,0	0,0,0,0	0,0,0,0	0,2,0,0	41	39
1459	19,4,17,0	20,22,13,11	16,4,15,16	18,6,19,7	78	39
1462	0,3,0,0	17,7,7,0	0,0,1,3	6,7,1,5	65	39
1463	44,11,28,18	0,2,0,0	17,11,13,29	0,0,0,0	68	39
1469	3442,2010,3165,2107	2,3,0,0	2386,2684,2016,2576	0,3,0,0	78	39
1473	16,12,17,12	0,0,0,0	5,28,8,8	0,0,2,3	78	39
1474	22,17,26,17	0,0,0,0	8,35,15,9	0,0,2,3	78	39
1475	16,8,15,6	0,0,0,0	8,16,9,10	0,7,0,0	60	39
1476	18,12,17,15	3,0,0,0	5,21,8,9	0,3,7,0	78	39
1477	16,12,17,12	3,0,0,0	5,21,9,8	0,3,7,0	78	39
1478	28,17,19,32	3,0,0,0	7,25,15,14	0,3,7,0	78	39
1479	10,3,6,1	2,0,0,3	5,2,3,9	0,0,0,1	60	39
1480	22,8,11,21	2,0,0,3	9,6,9,15	0,0,0,1	78	39
1481	12,9,5,20	0,0,0,0	4,4,7,6	0,0,1,0	78	39
1482	28,25,18,14	0,0,0,0	18,41,17,12	1,0,0,0	78	39
1483	66,56,49,52	34,3,20,8	48,102,45,44	16,4,18,7	78	39
1487	3,2,2,0	0,4,0,5	0,1,1,0	0,0,0,0	49	39
1491	1,0,4,0	0,5,17,0	2,0,1,0	6,1,3,5	64	39
1492	0,0,0,0	0,0,8,0	2,0,2,0	0,0,0,0	78	39
1498	258,167,172,147	1,0,0,0	171,191,129,225	0,0,0,0	62	39
1501	33,15,44,49	2,0,3,0	34,56,27,23	0,0,0,0	78	39
1503	207,175,221,85	0,0,0,0	107,140,86,155	0,0,0,3	56	39
1504	24,15,0,0	101,47,77,23	7,3,2,4	46,71,63,57	41	39
1505	67,36,60,31	2,0,10,0	39,46,33,41	0,8,1,2	78	39
1510	12,13,6,0	0,0,0,0	3,6,6,7	0,0,3,2	78	39
1513	2,0,7,0	447,259,336,231	5,0,1,9	295,371,232,377	57	39
1514	54,29,46,33	0,4,6,2	22,14,41,27	0,0,0,7	57	39
1515	12,6,16,5	11,8,5,0	12,10,12,4	0,5,2,2	78	39
1516	198,107,111,101	8,0,18,3	122,155,114,96	0,3,6,2	78	39
1517	235,127,149,102	0,0,0,0	122,126,110,130	0,0,2,0	71	39
1518	16,18,16,9	1,0,0,0	5,17,18,7	0,0,0,0	46	39
1520	23,12,22,16	42,21,41,25	12,10,24,18	57,70,31,46	65	39
1521	16,4,9,7	12,11,2,9	13,9,9,4	14,4,2,8	65	39
1522	46,38,36,53	0,2,0,0	48,31,16,44	0,0,2,4	49	39
1536	16,0,0,0	36,23,17,34	0,0,1,2	36,24,15,47	78	39
1538	0,0,1,5	12,4,4,0	0,3,0,4	11,10,2,0	68	39
1539	4,3,7,0	0,0,4,0	7,0,2,0	0,0,0,0	50	39
1540	6,0,0,0	3,5,2,8	0,0,1,1	1,7,1,4	58	39
1541	9,6,6,8	6,2,11,12	6,6,14,15	4,1,1,1	50	39
1545	57,51,28,11	1,0,0,6	56,45,45,27	4,0,0,2	78	39
1548	9,19,11,9	51,16,29,21	4,20,12,3	39,34,9,28	78	39
1549	24,25,40,28	0,0,2,0	26,30,27,19	3,0,0,0	78	39
1550	4,1,2,3	187,111,149,80	4,4,1,18	110,121,82,147	78	39
1551	0,0,0,0	21,22,1,9	1,0,0,1	13,4,3,3	78	39
1556	20,2,10,9	13,4,5,2	9,6,18,17	8,0,2,2	59	39
1557	5,2,6,9	44,46,42,46	2,0,2,2	33,43,31,32	78	39
1559	0,0,2,0	19,11,23,23	3,0,0,0	7,1,6,26	45	39
1561	0,3,1,0	18,10,14,24	0,0,1,0	12,19,15,22	78	39
1562	0,3,4,0	0,4,0,0	0,0,4,1	0,0,0,0	78	39
1563	18,10,17,24	0,4,0,0	12,19,18,23	0,0,0,0	43	39
1565	0,3,0,0	4,1,5,4	0,0,0,0	0,0,2,2	78	39
1566	114,62,69,38	15,4,5,7	59,76,34,70	5,8,3,7	78	39
1568	1,3,0,0	20,8,5,4	2,0,4,0	4,5,7,0	78	39
1570	10,0,2,5	1,0,0,0	5,1,6,0	0,0,0,0	77	39
1575	5,1,4,0	20,0,0,5	0,0,0,0	3,0,0,4	78	39
1576	1,0,0,0	13,5,2,6	0,0,0,0	8,0,4,3	78	39
1577	0,0,0,0	14,3,4,4	5,3,0,0	10,0,4,5	68	39
1579	10,3,1,8	41,9,4,6	3,0,0,8	7,6,9,23	44	39
1580	18,11,5,11	0,0,0,6	9,11,2,0	0,2,3,0	70	39
1590	11,3,4,0	69,86,109,40	1,0,5,8	66,95,70,75	52	39
1591	42,39,63,60	3,0,0,0	37,38,39,54	0,0,0,0	43	39
1599	5,5,0,0	2,0,2,0	7,4,1,7	0,0,0,0	78	39
1600	10,13,0,0	18,6,22,9	6,3,4,10	8,3,1,11	50	39
1605	2,11,2,0	42,40,37,17	0,0,2,4	25,27,25,26	42	39
1606	66,70,31,34	0,0,0,0	27,33,28,23	0,0,1,3	78	39
1607	108,110,68,51	0,0,0,0	52,60,53,49	0,0,1,3	78	39
1608	4,8,19,0	21,21,40,25	8,1,2,2	19,18,23,30	78	39
1609	3,0,1,0	40,33,47,19	0,0,1,3	24,20,36,23	63	39
1610	2,0,0,0	0,0,0,0	0,0,0,0	0,0,0,3	78	39
1613	0,3,0,0	0,3,0,0	4,2,0,0	0,3,0,0	59	39
1614	130,73,113,89	3,0,0,0	102,109,74,75	0,0,1,0	78	39
1615	40,46,34,63	13,12,15,0	38,53,20,23	13,6,7,7	56	39
1617	3,4,11,3	0,1,3,0	2,9,0,7	7,8,1,3	50	39
1620	74,27,27,24	5,0,0,0	22,38,31,36	0,0,0,0	78	39
1622	0,0,0,4	0,0,0,0	3,0,0,0	0,3,0,2	50	39
1624	0,0,0,1	1,0,0,0	1,16,2,0	0,5,0,6	47	39
1625	19,10,12,2	6,9,10,2	15,4,8,16	2,5,8,5	50	39
1628	304,227,236,204	0,0,9,0	172,187,147,137	0,0,0,0	78	39
1629	0,0,0,0	39,29,44,12	0,1,2,1	20,34,30,17	42	39
1637	5,2,8,13	5,4,0,0	1,9,10,4	0,10,0,0	78	39
1638	3,4,0,1	30,41,64,21	3,2,2,11	32,40,45,40	78	39
1639	274,232,239,170	2,0,2,0	188,205,174,226	0,0,0,0	78	39
1640	0,0,0,0	8,11,8,5	4,0,0,2	7,1,0,3	78	39
1641	5,0,0,0	16,3,12,1	0,0,1,0	16,14,5,7	43	39
1649	63,48,18,15	47,22,41,18	42,49,33,36	41,51,51,32	78	39
1651	0,0,3,0	3,2,12,5	0,0,0,1	8,1,6,0	78	39
1652	4,0,4,0	20,12,14,10	0,0,0,0	19,10,15,5	46	39
1657	0,0,0,1	4,7,11,9	0,0,0,0	14,28,25,5	70	39
1658	23,13,27,52	0,0,0,0	28,14,26,18	1,0,0,0	78	39
1659	57,40,67,23	0,2,0,0	19,48,18,40	0,0,0,0	78	39
1660	5,3,0,0	44,14,25,17	0,1,0,4	24,23,9,20	78	39
1661	3,0,0,0	29,18,18,7	0,4,1,8	12,0,8,25	55	39
1662	73,12,29,18	6,2,9,1	29,46,13,27	1,0,2,6	53	39
1664	0,0,0,0	42,18,11,28	3,0,0,5	21,15,14,28	78	39
1666	0,0,0,0	7,0,0,0	0,0,1,0	2,0,0,0	78	39
1668	0,0,0,0	11,8,0,4	0,4,0,0	3,7,6,0	78	39
1670	8,2,2,0	5,0,6,6	5,0,2,2	8,0,6,5	46	39
1671	2,0,15,3	0,0,0,0	8,12,5,3	0,3,0,0	75	39
1672	36,25,39,7	3,0,2,0	23,26,13,11	0,0,0,7	78	39
1676	6,14,21,2	220,125,269,167	12,6,6,19	146,199,153,216	42	39
1678	0,5,0,2	85,74,50,48	0,0,0,0	40,25,32,64	78	39
1680	6,2,7,0	2,0,3,0	3,4,0,3	0,3,2,6	78	39
1682	0,0,0,0	102,73,44,89	0,0,2,0	53,55,38,55	43	39
1683	0,0,0,0	9,5,2,0	1,0,0,4	10,7,5,3	78	39
1684	3,0,11,3	14,1,12,11	1,4,3,0	13,2,6,18	42	39
1686	0,0,0,0	1,0,0,0	1,0,0,0	0,0,0,0	78	39
1687	7,8,10,0	4,9,4,9	3,2,10,5	3,12,17,11	47	39
1688	19,27,17,31	1,2,2,5	12,6,12,21	11,9,2,3	78	39
1689	27,34,40,52	1,2,2,5	26,22,28,47	11,9,2,3	78	39
1690	20,7,23,23	3,0,0,2	14,18,16,27	0,2,0,0	41	39
1692	6,2,0,0	4,0,0,0	0,1,1,4	1,0,2,11	44	39
1693	4,1,0,0	5,4,1,7	2,0,7,6	5,3,8,10	78	39
1694	7,9,8,10	1,0,0,0	7,3,4,4	0,0,0,3	42	39
1700	7,0,0,0	0,11,3,2	0,0,1,1	4,2,4,0	78	39
1704	125,87,92,87	0,0,0,0	83,106,68,95	2,0,0,0	64	39
1705	0,0,0,0	19,20,5,26	5,4,0,0	19,17,13,7	78	39
1706	16,14,0,4	7,0,0,0	2,4,4,10	0,5,1,0	78	39
1707	2,1,6,0	4,0,0,0	6,17,6,5	4,0,0,2	78	39
1708	35,34,5,30	7,0,0,0	21,21,17,17	0,5,1,0	78	39
1709	21,21,11,26	4,0,0,0	25,34,19,12	4,0,0,2	78	39
1710	9,1,6,0	4,0,0,0	6,22,7,5	4,0,0,2	78	39
1712	0,4,0,0	2,3,0,0	0,0,0,0	1,0,0,0	78	39
1714	14,0,21,9	0,1,0,5	6,8,6,16	2,0,2,0	68	39
1719	0,6,11,9	71,28,31,32	24,7,7,10	34,42,23,52	78	39
1721	0,3,0,0	0,2,7,0	2,3,0,1	2,5,0,3	78	39
1723	11,0,13,6	22,16,6,5	2,7,4,0	11,15,8,13	55	39
1725	3,5,1,0	16,11,5,5	4,10,0,0	2,9,8,5	50	39
1727	9,0,8,9	0,0,0,0	6,7,3,1	0,0,0,4	56	39
1730	2,0,0,0	2,4,0,0	0,0,0,0	1,0,0,0	48	39
1731	56,43,43,39	17,19,20,8	29,30,36,45	23,3,6,16	44	39
1733	5,4,7,0	3,0,0,0	10,0,4,10	0,7,0,0	50	39
1735	4,0,3,0	57,25,28,39	0,0,0,0	22,29,40,34	47	39
1736	73,33,29,29	5,0,3,1	22,21,31,31	2,1,0,5	78	39
1737	88,65,66,49	45,19,38,32	83,78,55,48	29,52,24,63	78	39
1741	37,11,20,13	9,13,1,10	8,24,9,9	5,12,1,0	49	39
1742	45,40,29,14	1,0,0,0	26,25,6,32	1,0,0,0	78	39
1747	106,65,100,45	2,0,0,0	39,102,62,72	0,0,0,0	78	39
1749	2,0,0,0	5,1,14,4	0,0,0,0	5,0,5,0	49	39
1754	0,0,1,0	9,10,5,16	0,6,0,0	6,9,7,8	47	39
1755	5,2,3,0	0,0,9,0	0,0,2,1	9,3,0,4	61	39
1758	4,0,0,0	51,31,21,35	1,4,9,4	24,19,21,29	78	39
1759	0,2,0,2	37,33,31,20	10,1,0,0	27,37,23,30	45	39
1760	10,0,0,0	4,2,5,15	1,0,0,1	4,3,17,11	68	39
1761	5,0,6,0	0,1,1,0	1,0,0,1	0,0,0,0	68	39
1764	35,24,34,16	38,28,46,39	21,34,30,28	45,36,29,33	65	39
1765	22,8,14,6	2,0,2,0	7,13,4,22	1,0,0,0	40	39
1772	52,27,18,31	0,0,0,4	16,36,14,18	0,0,0,1	66	39
1773	0,0,0,0	22,9,1,9	1,0,0,0	1,6,4,16	78	39
1777	9,9,2,8	4,3,4,0	6,16,2,6	0,3,5,2	49	39
1778	121,108,112,53	6,7,2,4	76,149,65,84	0,0,2,0	78	39
1779	312,258,178,144	0,4,0,0	257,231,225,283	0,0,0,0	78	39
1782	16,0,11,4	16,8,17,20	17,11,9,9	14,13,13,16	78	39
1784	1750,1192,1701,975	0,0,0,0	1117,1219,920,1302	0,0,0,4	78	39
1785	115,84,69,53	2,3,0,0	65,60,70,62	0,0,0,0	47	39
1786	52,57,30,47	13,6,6,1	27,38,37,37	1,2,0,9	78	39
1787	29,36,22,18	0,0,0,0	17,3,12,6	1,0,0,0	78	39
1788	0,0,3,0	103,57,66,56	0,0,0,0	57,37,44,51	78	39
1790	4,0,0,0	2,6,4,0	0,0,1,0	6,0,0,2	78	39
1792	0,0,0,0	3,0,5,0	1,0,0,0	0,5,0,6	50	39
1793	278,148,193,180	0,0,0,0	144,231,131,191	0,4,0,0	78	39
1794	44,34,48,49	5,0,12,5	27,39,37,49	6,2,4,8	78	39
1796	13,0,5,0	0,0,0,0	0,10,0,1	0,2,0,0	78	39
1798	14,0,4,3	22,14,15,2	2,0,2,11	11,6,9,3	78	39
1799	0,6,0,0	6,7,11,0	5,8,11,0	8,5,6,16	65	39
1806	6,8,3,0	32,27,23,23	2,0,4,0	29,29,15,14	78	39
1807	0,3,1,0	7,12,14,4	5,0,0,3	6,7,8,2	78	39
1808	32,28,45,16	0,0,0,0	28,22,47,13	0,2,0,0	78	39
1809	4,0,8,0	48,19,20,19	0,0,4,0	14,12,23,16	78	39
1814	18,5,0,0	204,96,146,134	3,6,4,8	143,186,97,132	45	39
1817	3,5,0,6	356,218,282,161	1,1,0,0	186,243,92,129	78	39
1818	114,52,176,72	2,0,0,0	65,69,48,100	0,4,0,0	78	39
1820	14,13,1,9	43,19,19,13	6,25,14,6	26,60,22,32	53	39
1822	1,10,2,4	0,0,0,0	2,15,6,4	0,0,3,0	78	39
1825	25,3,10,6	3,0,0,0	13,16,11,22	0,0,0,0	65	39
1826	25,4,12,4	1,2,2,0	13,16,5,21	7,0,7,2	65	39
1828	4,0,0,0	10,12,11,0	0,0,5,0	5,0,2,10	78	39
1829	10,4,0,3	138,84,132,97	7,15,2,0	100,98,67,72	51	39
1830	23,10,15,8	2,0,0,0	12,14,20,16	0,0,0,0	70	39
1831	0,3,0,0	16,7,24,0	0,1,0,0	17,9,16,0	51	39
1832	20,0,19,3	1,5,13,0	10,5,6,12	9,4,9,3	42	39
1834	82,39,45,35	13,8,18,8	61,35,32,43	15,24,16,10	78	39
1835	82,91,67,41	2,2,0,0	115,71,55,84	0,0,0,0	78	39
1838	8,3,3,7	0,0,0,4	6,9,5,0	0,0,0,0	78	39
1840	34,16,22,8	18,13,23,9	17,6,23,12	4,15,9,14	78	39
1841	64,42,42,37	0,0,0,6	19,53,37,23	1,0,0,3	52	39
1843	60,52,88,42	5,0,0,0	35,37,36,70	0,7,0,0	59	39
1846	40,27,24,44	100,70,76,43	24,28,26,17	43,58,34,56	68	39
1853	0,1,1,0	6,0,0,0	0,0,2,0	0,5,0,5	66	39
1856	0,0,0,0	2,5,0,3	0,7,0,0	3,2,1,0	68	39
1857	7,11,5,5	179,65,136,46	6,7,6,4	71,87,58,74	78	39
1858	28,22,21,14	7,2,0,6	17,25,13,18	4,0,2,4	66	39
1859	4,1,0,0	14,12,18,4	3,0,4,0	18,6,8,4	78	39
1863	1,0,0,3	3,0,3,0	2,0,0,0	2,4,3,0	78	39
1864	4,0,2,0	165,90,117,124	2,0,1,0	85,37,89,132	78	39
1865	49,39,42,36	9,8,0,5	36,62,46,52	9,6,9,3	44	39
1867	3,3,0,0	0,0,0,0	1,0,0,3	0,0,0,2	78	39
1870	52,41,42,11	1,7,6,0	24,55,34,37	0,0,0,2	78	39
1875	661,463,533,434	0,1,0,0	426,513,428,481	2,0,0,0	68	39
1876	563,325,385,224	4,1,5,0	337,437,282,342	0,0,1,0	78	39
1877	2,0,5,0	1,0,2,0	0,14,0,0	3,14,0,0	78	39
1879	9,6,20,7	78,57,74,52	5,0,10,6	32,49,22,50	43	39
1884	53,38,20,45	0,0,0,0	38,55,24,39	0,6,0,0	73	39
1885	1,0,0,0	18,8,10,1	0,0,0,0	25,29,3,15	78	39
1886	9,7,0,0	2,0,0,0	10,12,2,5	0,0,0,0	78	39
1887	2,0,2,0	0,0,5,0	2,0,0,0	1,0,0,0	78	39
1888	9,0,0,3	4,3,25,0	0,4,4,0	7,0,3,11	52	39
1890	20,2,12,7	12,6,8,3	5,9,6,14	3,7,3,10	57	39
1892	27,5,16,14	0,0,1,0	16,8,5,16	0,0,0,0	78	39
1895	27,22,16,15	4,0,0,0	7,13,1,18	0,0,0,0	78	39
1896	23,13,11,23	13,0,6,1	25,20,13,26	6,3,3,3	78	39
1897	45,15,29,32	13,0,6,1	41,37,26,46	6,3,3,3	78	39
1898	19,11,13,23	13,0,6,1	23,14,13,25	6,3,3,3	78	39
1899	22,11,9,26	13,0,6,1	26,14,17,24	6,3,3,3	78	39
1900	90,32,91,35	4,2,2,0	72,64,42,51	2,6,0,2	78	39
1901	64,28,75,26	4,2,2,0	54,41,29,30	2,6,0,2	78	39
1902	67,28,71,29	4,2,2,0	57,41,33,29	2,6,0,2	78	39
1903	0,0,4,6	26,4,20,9	0,0,0,1	18,23,13,22	40	39
1904	10,9,2,11	26,4,20,9	8,3,10,6	18,23,13,22	69	39
1905	10,9,2,5	0,0,4,0	8,3,10,6	0,0,0,1	67	39
1909	9,5,2,0	4,5,18,13	6,0,0,0	16,20,1,6	62	39
1910	91,42,65,65	4,1,4,0	78,73,29,33	5,0,3,3	78	39
1911	1,1,0,8	34,0,5,6	0,0,0,1	12,10,10,13	42	39
1915	11,5,16,0	0,0,0,0	5,11,5,5	0,8,0,0	78	39
1916	1294,773,1194,908	8,7,0,0	848,869,754,869	1,0,0,4	47	39
1918	3,0,0,0	4,1,5,3	0,8,0,0	0,0,9,0	45	39
1919	11,0,0,3	19,22,8,11	4,0,3,2	17,28,15,19	78	39
1921	3,0,0,0	3,4,5,0	3,0,4,4	1,6,0,0	50	39
1924	0,0,0,0	0,1,3,1	0,2,2,0	0,0,0,0	42	39
1928	11,8,4,6	0,0,5,0	3,13,0,8	0,0,0,0	78	39
1934	54,24,41,29	0,0,0,0	24,47,33,33	1,0,0,0	67	39
1938	5,0,0,0	2,4,0,2	3,0,0,0	0,0,0,0	78	39
1941	3,0,0,1	39,32,33,24	5,0,0,1	34,40,31,18	50	39
1942	88,71,104,45	214,195,255,176	87,90,19,80	182,227,157,219	78	39
1948	67,43,21,19	0,3,0,0	36,18,20,34	0,0,0,0	78	39
1949	2,1,4,0	25,16,9,10	0,0,0,2	11,29,4,6	78	39
1950	1,3,0,0	21,7,8,4	0,0,0,2	5,20,0,8	77	39
1951	2,0,0,0	25,20,26,26	0,4,0,0	12,16,4,21	55	39
1953	9,1,0,0	12,18,25,17	0,14,1,0	15,15,17,8	50	39
1955	12,0,2,0	210,121,282,149	12,0,3,5	182,206,99,150	44	39
1956	70,75,75,50	29,25,28,18	66,65,42,57	21,26,17,23	78	39
1958	0,0,0,0	19,2,10,3	0,1,0,6	2,0,7,10	78	39
1965	0,0,0,0	29,13,21,18	5,0,0,0	4,38,7,23	66	39
1970	30,4,18,9	237,176,185,116	11,6,10,10	149,178,124,172	55	39
1971	4,0,0,0	14,19,21,14	0,0,0,0	5,2,13,12	78	39
1973	4,1,0,0	47,29,41,17	1,3,1,4	23,19,13,20	58	39
1974	2793,1698,2279,1641	6,1,5,0	1641,1880,1559,2020	2,4,0,0	78	39
1975	16,11,10,12	15,4,20,5	3,19,9,40	3,1,6,21	50	39
1976	1,3,3,0	71,42,117,48	3,0,0,0	29,71,36,73	78	39
1979	0,0,1,0	3,12,0,8	0,0,0,0	11,7,7,0	48	39
1983	8,2,7,1	0,0,5,0	3,9,6,0	0,0,0,0	78	39
1985	0,2,3,0	149,160,103,127	0,3,2,0	163,110,101,136	78	39
1987	6,0,3,0	0,0,0,3	0,6,4,8	0,0,0,0	78	39
1992	1,0,0,0	3,0,0,0	0,0,0,0	0,0,2,5	78	39
1993	1,6,15,7	27,19,65,22	3,7,10,10	43,53,31,38	78	39
2001	0,2,3,1	194,171,184,126	16,0,0,2	143,163,83,136	78	39
2002	110,62,99,101	3,5,8,3	97,135,95,130	1,0,3,4	65	39
2003	6,2,12,4	2,0,0,0	12,20,11,3	0,0,5,0	78	39
2004	2,0,5,0	142,66,112,53	0,1,3,1	59,52,60,63	78	39
2006	157,56,106,104	0,0,0,4	75,81,46,79	3,0,0,0	78	39
2008	1,0,1,0	26,2,8,2	1,0,1,6	8,8,7,8	78	39
2009	7,4,5,3	37,14,44,18	3,10,1,17	35,41,40,38	78	39
2010	1,13,11,0	29,10,0,8	7,4,3,7	18,8,15,18	78	39
2011	464,363,455,336	0,0,0,0	443,482,332,421	1,0,0,0	41	39
2013	13,5,15,13	20,13,15,17	17,7,1,13	9,24,2,4	56	39
2015	0,0,0,0	8,0,2,5	1,0,0,2	0,0,0,0	42	39
2017	0,4,14,5	0,1,0,2	0,3,0,8	0,0,0,0	44	39
2021	90,42,63,52	7,4,0,0	66,88,47,75	3,0,2,5	78	39
2022	10,9,11,9	1,0,0,0	13,9,10,5	1,0,0,0	40	39
2023	3,3,0,6	0,0,0,0	2,4,7,0	1,0,6,0	49	39
2024	0,0,3,0	8,0,3,0	3,0,0,0	2,0,3,0	56	39
2027	0,0,0,0	47,10,22,6	6,0,0,0	21,29,25,12	43	39
2033	2,0,1,0	4,8,17,4	0,0,5,0	9,3,3,0	78	39
2034	0,5,3,2	1,2,2,0	1,0,0,0	2,0,0,0	59	39
2035	15,11,9,4	36,29,26,24	8,14,11,18	22,30,17,38	78	39
2037	54,41,44,28	11,19,9,20	41,51,23,38	23,11,12,11	44	39
2038	57,58,21,39	1,12,10,10	49,41,28,37	11,11,7,5	44	39
2039	2,0,0,0	62,31,31,36	0,0,0,0	20,46,23,29	78	39
2040	3,4,6,0	22,9,7,12	0,2,0,0	8,0,2,5	62	39
2042	0,0,11,0	0,0,0,0	2,0,0,0	7,0,0,0	55	39
2043	0,0,11,0	0,0,0,0	2,0,0,0	0,4,0,0	49	39
2044	2,1,20,5	3,0,0,0	13,4,5,9	0,0,0,0	78	39
2045	80,42,59,23	0,0,0,0	41,77,41,55	1,0,0,0	78	39
2046	42,14,43,23	0,0,1,0	39,49,18,28	0,0,2,0	78	39
2048	9,3,7,3	103,93,96,71	5,7,3,0	65,118,69,106	53	39
2049	73,80,57,35	25,15,24,7	60,78,48,63	7,11,14,12	65	39
2050	0,0,0,4	2,0,0,0	0,0,0,5	0,0,0,0	78	39
2052	55,46,75,49	0,1,0,0	70,61,41,39	0,0,0,0	68	39
2054	0,0,0,0	36,18,19,35	0,3,0,0	37,20,14,34	78	39
2055	15,9,20,5	0,0,0,0	11,13,13,11	2,0,0,0	78	39
2056	3610,1869,2483,1539	27,23,35,16	1929,2155,1855,2116	11,25,41,38	44	39
2059	15,16,0,4	16,11,8,9	15,17,1,3	4,13,7,15	78	39
2060	6,15,3,0	0,0,0,5	1,12,12,5	0,0,2,0	69	39
2062	0,0,0,0	3,0,0,0	0,0,0,3	0,0,3,3	51	39
2066	107,65,91,52	0,3,0,9	52,115,74,65	0,0,0,0	78	39
2069	4,0,0,2	102,105,114,92	0,3,1,1	88,75,58,146	40	39
2074	7,5,3,4	1,0,0,0	11,7,8,18	0,0,0,0	43	39
2076	1,2,0,0	0,0,0,0	2,0,0,0	1,0,0,0	78	39
2082	37,6,35,26	719,447,678,432	9,43,23,20	441,622,403,472	78	39
2083	0,0,0,0	0,1,0,0	0,0,0,1	0,0,0,0	78	39
2084	107,72,57,54	0,4,0,0	48,23,54,48	9,0,0,5	78	39
2087	0,0,0,0	0,0,0,5	0,0,4,3	6,0,0,0	50	39
2088	0,2,1,3	15,11,0,0	1,0,2,3	5,0,0,1	78	39
2090	47,27,27,29	15,4,17,7	26,26,23,9	10,5,11,6	78	39
2092	0,0,0,0	13,5,37,12	5,0,3,0	8,15,10,13	46	39
2094	4,8,2,10	4,2,0,0	9,6,3,15	0,0,1,0	78	39
2095	0,0,0,0	3,1,16,0	0,2,0,0	8,7,0,10	42	39
2096	1,4,6,5	8,2,10,0	6,18,4,1	6,1,2,2	68	39
2100	539,365,530,293	149,93,119,104	324,301,325,299	95,118,70,130	59	39
2101	528,353,508,268	5,2,7,1	311,276,312,291	6,0,8,14	56	39
2102	16,14,29,26	149,93,119,104	19,25,21,22	95,118,70,130	41	39
2104	0,0,0,0	29,5,20,4	3,0,0,0	8,7,15,18	78	39
2105	52,33,26,4	0,1,0,0	31,20,10,18	0,0,0,0	68	39
2106	94,55,48,16	1,0,2,2	38,32,27,25	3,9,0,0	78	39
2107	42,23,22,12	1,0,2,2	7,12,17,9	3,9,0,0	55	39
2108	1,0,0,0	51,16,45,12	0,0,0,0	25,27,24,39	78	39
2111	10,10,7,1	0,0,0,0	16,9,4,8	1,0,0,0	72	39
2116	1,4,0,8	0,0,0,0	9,9,8,11	1,0,0,1	78	39
2117	27,15,22,5	0,0,0,0	28,9,16,17	1,0,0,0	78	39
2118	17,2,3,10	0,0,0,0	6,24,15,13	0,6,0,0	78	39
2120	9,17,15,7	0,0,0,0	6,6,4,5	1,0,0,0	78	39
2122	19,7,2,8	0,3,0,0	6,14,4,2	1,0,0,0	44	39
2123	0,2,2,6	6,0,0,0	1,1,2,7	1,0,0,3	78	39
2124	0,0,3,0	14,5,13,0	0,0,0,0	5,8,1,0	47	39
2125	0,0,0,4	10,3,3,1	0,3,0,0	4,1,3,3	60	39
2137	77,22,66,40	5,0,0,5	47,56,39,59	4,15,5,0	44	39
2138	2,3,0,3	40,18,35,10	2,0,5,9	20,38,28,42	78	39
2139	20,17,23,15	1,0,0,0	8,4,14,17	0,0,0,0	78	39
2142	14,18,18,6	0,0,0,0	6,4,10,14	1,0,1,0	78	39
2144	15,2,0,14	0,0,0,0	9,5,2,12	1,0,0,0	78	39
2145	26,5,3,19	0,1,0,0	13,10,6,8	0,0,0,0	78	39
2147	4,2,1,0	79,26,38,50	1,3,0,3	41,46,33,41	78	39
2149	33,17,23,14	0,0,9,0	15,46,12,14	0,4,0,6	40	39
2153	0,0,1,0	2,0,0,1	0,0,0,0	0,2,0,0	78	39
2155	0,0,0,0	5,0,4,0	0,0,3,0	5,0,5,0	50	39
2156	207,173,209,126	0,0,4,0	158,151,111,159	0,0,0,0	78	39
2157	3,1,0,0	3,2,10,1	0,4,0,0	2,0,0,0	41	39
2158	2,0,0,0	3,1,0,3	0,0,0,0	1,0,1,5	41	39
2159	4,1,0,0	3,0,3,0	1,0,0,3	0,5,2,0	43	39
2162	36,71,26,17	108,67,130,71	19,45,58,21	98,44,49,85	44	39
2164	3,0,0,0	0,5,12,1	1,0,0,4	5,6,10,0	78	39
2165	20,4,0,1	56,58,73,23	3,6,4,1	53,54,27,56	47	39
2166	0,3,0,0	7,5,1,0	0,0,2,0	3,2,3,4	67	39
2168	2,0,7,0	11,1,1,0	2,0,1,0	7,7,12,4	78	39
2169	0,1,0,0	18,15,16,7	0,0,0,0	14,6,5,15	51	39
2172	151,100,165,109	6,0,0,0	125,115,105,158	4,3,0,4	68	39
2173	80,61,69,42	0,0,0,0	59,87,72,57	0,7,0,0	78	39
2174	2,3,0,0	51,14,26,25	0,0,1,6	34,30,26,33	78	39
2175	0,1,0,2	0,0,5,0	0,0,0,0	4,0,0,0	78	39
2176	11,1,1,1	0,0,0,0	6,11,3,13	0,3,0,0	78	39
2178	0,7,3,0	1,0,0,0	6,4,19,3	0,0,2,0	78	39
2185	11,12,0,2	0,0,0,0	3,15,21,8	0,0,1,0	48	39
2187	4,4,6,0	1,8,8,0	3,5,3,4	0,3,0,0	56	39
2188	4,5,11,1	3,0,4,0	7,0,2,4	1,3,0,0	78	39
2189	5,15,11,6	15,3,18,11	4,7,4,5	13,6,5,15	78	39
2190	4,13,13,1	3,0,4,0	4,3,0,4	1,3,0,0	78	39
2191	5,23,13,6	15,3,18,11	1,10,2,5	13,6,5,15	78	39
2192	7,15,9,6	15,3,18,11	2,10,2,5	13,6,5,15	78	39
2196	4,0,0,0	3,6,4,0	0,0,0,0	3,0,11,1	78	39
2197	81,41,44,23	0,0,0,0	55,35,38,32	0,0,2,0	78	39
2202	1,0,0,0	5,15,8,5	2,3,0,0	14,20,11,9	78	39
2205	8,0,1,0	0,0,0,0	2,4,7,1	3,0,0,0	78	39
2209	2,2,5,0	16,11,2,6	3,6,0,4	5,12,11,13	54	39
2212	2,3,2,0	20,27,16,27	4,2,4,14	26,34,8,17	78	39
2213	32,18,15,17	33,8,20,8	6,29,25,15	13,22,18,37	41	39
2216	23,42,31,21	0,0,6,0	34,29,19,32	2,0,0,1	78	39
2217	5,10,0,4	31,31,11,13	1,1,0,0	12,12,16,11	78	39
2219	24,2,7,23	23,1,11,13	23,11,13,9	12,19,6,11	65	39
2220	106,38,63,53	23,1,11,13	68,43,32,63	12,19,6,11	78	39
2221	111,58,70,37	1,1,0,0	60,46,32,65	2,4,3,0	78	39
2222	147,99,138,59	0,0,0,0	78,84,63,88	0,0,1,0	78	39
2224	53,40,51,30	1,2,1,0	34,35,22,19	2,0,3,3	78	39
2226	1,0,0,5	33,19,14,11	0,0,0,0	16,22,25,12	78	39
2227	2,8,3,0	2,0,0,0	8,2,8,2	0,0,0,0	78	39
2228	2,8,3,0	94,28,42,26	7,8,6,3	42,49,31,36	78	39
2230	4,9,3,0	24,26,23,16	4,1,0,1	24,8,18,20	78	39
2231	22,14,6,10	0,0,0,0	18,24,15,20	0,0,1,0	78	39
2239	0,0,0,1	2,0,1,7	0,0,0,0	1,3,3,0	42	39
2240	35,27,50,22	53,67,51,25	12,17,32,33	68,97,42,75	51	39
2241	4,8,18,12	17,15,45,18	6,21,2,5	36,14,8,14	51	39
2242	4218,2360,3751,2307	23,6,0,0	2517,2801,2063,2762	4,7,6,8	71	39
2246	4,17,13,5	4,0,5,3	1,3,0,0	0,11,2,2	52	39
2247	0,1,3,0	18,0,7,0	0,0,0,0	1,4,3,0	78	39
2250	0,2,0,0	31,23,39,7	0,0,0,0	36,9,20,21	78	39
2253	2,14,3,5	134,82,63,56	3,2,4,2	63,77,46,72	47	39
2254	2,0,0,0	17,17,30,14	0,0,0,0	21,25,3,8	78	39
2256	0,0,0,0	22,24,12,57	5,0,0,0	24,41,24,27	54	39
2257	4,5,0,3	15,18,41,19	3,2,3,0	28,5,14,23	44	39
2263	89,59,76,70	0,0,0,0	46,80,57,65	0,0,0,1	72	39
2267	13,21,4,7	43,21,34,29	11,1,7,7	12,28,24,33	78	39
2268	43,21,34,29	2,3,0,0	12,28,27,33	0,0,2,0	78	39
2269	10,6,13,9	23,3,13,9	10,7,7,14	5,8,7,0	47	39
2271	0,2,0,1	53,53,14,14	0,0,0,0	26,17,12,11	71	39
2272	33,25,32,22	3,2,23,5	7,15,23,12	1,1,1,9	68	39
2274	0,3,0,5	6,14,15,5	0,0,0,0	22,19,6,6	42	39
2275	19,8,14,9	58,58,52,70	3,7,1,10	62,52,38,61	72	39
2276	0,0,1,0	39,24,48,15	6,1,0,0	40,16,29,25	78	39
2280	6,0,1,2	2,0,3,1	7,0,0,0	4,6,2,0	68	39
2281	65,17,48,23	9,2,2,0	21,36,14,20	2,0,6,3	61	39
2283	11,0,16,11	3,0,0,0	4,6,15,8	0,0,0,0	78	39
2284	6,0,5,0	24,6,40,13	0,2,0,3	21,24,16,11	44	39
2292	17,4,4,22	0,1,0,0	26,2,7,0	0,0,0,2	69	39
2293	47,5,14,38	0,1,0,0	36,17,14,13	0,0,0,2	78	39
2298	47,43,70,22	0,0,3,0	52,25,42,40	0,0,0,0	43	39
2299	12,17,9,3	61,25,65,40	15,12,12,18	33,51,53,39	78	39
2302	35,26,39,11	0,0,6,6	28,21,39,23	0,0,0,0	78	39
2303	0,0,0,0	0,2,0,0	2,0,0,0	0,0,0,5	64	39
2305	0,0,0,0	5,0,0,3	2,3,3,4	0,16,2,2	78	39
2306	200,132,143,103	1,0,0,6	114,152,101,129	0,4,0,0	52	39
2308	18,22,8,3	14,2,16,0	17,17,9,20	7,3,6,7	55	39
2313	0,2,0,3	0,0,0,0	2,0,4,0	0,4,6,0	47	39
2316	3,0,0,0	6,0,0,0	0,0,0,0	0,0,2,2	78	39
2321	11,11,5,0	60,52,68,34	9,14,9,11	32,25,32,20	78	39
2322	1,0,4,2	7,3,16,2	7,0,6,2	0,0,1,0	78	39
2323	4,3,0,0	6,9,7,0	0,1,0,0	8,8,7,4	78	39
2326	13,1,4,0	91,113,58,48	3,16,1,10	75,113,63,57	65	39
2327	138,181,129,136	0,0,0,6	181,180,128,177	0,0,0,0	78	39
2328	3,10,10,6	0,3,4,4	3,5,3,5	1,2,0,0	78	39
2330	4,12,16,5	2,0,1,0	4,4,2,2	0,3,1,0	78	39
2333	56,29,53,21	5,0,0,4	34,44,37,35	2,0,5,4	78	39
2334	12,18,24,13	12,9,12,13	12,17,18,18	16,31,19,14	78	39
2336	12,15,14,7	29,11,24,29	13,13,10,3	20,0,18,8	78	39
2337	0,0,1,0	3,0,3,0	0,8,0,0	3,0,3,1	78	39
2338	154,97,129,164	5,10,9,8	128,130,118,153	7,0,4,0	78	39
2341	24,30,44,27	2,0,3,0	18,10,17,13	0,4,2,0	78	39
2343	6,0,3,0	1,0,0,0	0,0,0,0	0,0,0,3	44	39
2344	1,0,0,0	0,2,6,0	0,5,0,0	0,0,0,0	78	39
2346	0,1,2,4	30,16,9,20	0,4,0,0	14,3,13,10	78	39
2347	0,0,0,0	0,9,9,4	0,0,0,2	2,14,2,6	42	39
2348	14,9,10,15	0,0,0,0	14,23,5,6	3,0,0,0	78	39
2350	8,2,0,4	5,8,0,7	2,0,0,0	4,12,1,0	44	39
2351	31,16,19,22	0,0,4,5	17,23,11,17	0,0,0,0	42	39
2352	4,1,0,0	34,32,15,22	5,6,2,0	17,21,12,21	78	39
2353	482,273,385,230	0,4,0,0	349,318,233,356	0,0,0,0	78	39
2355	1,0,0,0	15,3,9,14	0,0,4,0	14,2,14,2	78	39
2356	13,1,8,3	15,5,16,0	3,5,2,0	9,2,5,7	42	39
2357	23,28,2,4	29,11,3,7	13,1,6,18	10,23,10,5	78	39
2359	0,0,0,6	9,5,3,2	3,7,0,0	1,0,0,3	50	39
2360	0,0,4,1	20,22,24,4	1,5,3,0	31,11,6,32	64	39
2366	4,0,9,9	82,86,96,74	3,2,2,3	70,108,61,64	78	39
2368	155,110,158,201	7,4,4,2	172,227,176,254	11,19,11,6	78	39
2369	18,4,3,4	24,36,44,6	0,9,0,4	24,14,34,35	48	39
2370	9,0,4,0	16,8,2,10	5,2,0,0	9,0,0,5	63	39
2371	0,0,5,1	19,19,28,8	5,0,2,0	12,7,8,5	78	39
2373	51,16,15,22	0,0,4,0	32,33,21,15	1,0,0,0	60	39
2375	1,6,5,5	262,155,226,171	0,0,4,4	163,232,192,162	62	39
2376	3,7,4,1	4,1,0,2	0,0,4,0	5,0,6,8	62	39
2377	139,118,132,90	3,0,0,0	84,118,86,118	0,0,0,0	78	39
2380	57,40,35,27	0,0,0,0	46,46,28,33	1,0,0,0	78	39
2383	0,0,5,0	12,6,8,0	2,0,0,0	5,7,5,2	78	39
2385	0,0,0,0	0,8,0,2	0,0,4,0	9,3,4,6	78	39
2391	10,0,20,0	19,19,13,7	9,5,1,7	7,7,3,5	64	39
2398	0,0,5,0	16,14,51,22	1,0,0,0	31,30,31,44	78	39
2399	38,12,24,11	0,0,0,0	51,8,28,15	0,12,0,0	78	39
2400	0,0,0,0	11,8,29,5	7,4,1,0	8,3,4,10	61	39
2404	1,0,3,0	72,24,51,29	0,6,1,3	24,61,31,29	78	39
2405	0,0,0,0	29,19,10,11	1,1,0,4	19,13,20,11	42	39
2407	2,2,0,2	4,15,10,6	0,0,1,0	1,4,1,5	66	39
2411	4,2,0,0	2,2,0,0	0,0,0,0	0,0,0,3	78	39
2412	92,68,33,16	0,4,0,0	63,52,55,50	2,0,0,2	78	39
2413	62,65,73,33	19,11,14,7	62,43,27,25	10,22,8,19	77	39
2414	1,0,0,0	1,2,0,0	3,0,0,0	2,0,0,0	49	39
2415	0,0,0,0	1,0,0,0	2,0,0,2	0,0,0,0	68	39
2416	21,18,24,10	0,1,0,0	7,9,4,24	3,0,0,0	70	39
2417	3,5,2,1	134,50,94,34	4,3,4,8	51,95,66,58	61	39
2418	107,56,98,71	6,0,0,0	70,62,77,84	0,0,0,0	78	39
2419	5,2,6,4	2,0,0,0	3,4,0,2	2,0,0,0	41	39
2420	747,445,671,510	0,0,0,0	476,454,407,427	1,0,0,0	78	39
2421	12,5,11,0	34,21,35,15	7,8,5,1	30,16,10,44	78	39
2424	41,19,43,35	5,7,8,7	28,9,10,30	0,10,8,2	78	39
2425	0,11,0,0	0,0,0,6	0,0,3,3	0,0,1,0	50	39
2426	18,14,6,6	47,13,18,17	6,0,12,8	4,15,9,15	71	39
2428	19,15,15,5	6,6,0,5	7,26,7,13	0,13,1,0	78	39
2429	16,10,13,4	218,173,185,198	2,9,6,12	182,177,147,144	78	39
2430	5,0,0,0	2,0,3,1	0,0,2,0	5,13,4,2	78	39
2433	27,14,16,2	0,0,0,0	20,12,7,12	0,7,0,0	56	39
2434	16,13,3,2	0,2,0,0	6,3,5,11	0,0,0,0	56	39
2435	15,16,3,2	0,1,1,0	7,3,7,4	0,0,0,3	56	39
2440	0,0,0,0	5,0,1,0	1,0,0,0	5,1,4,1	54	39
2442	28,7,3,12	0,0,0,0	5,16,12,21	1,0,0,0	67	39
2443	8,2,14,18	79,70,81,45	5,11,4,15	52,89,46,78	78	39
2444	5,3,7,0	1,1,0,0	0,2,7,0	2,0,2,0	59	39
2445	1,5,12,4	0,1,0,3	2,0,0,1	2,0,0,0	53	39
2449	20,8,10,6	11,7,2,6	2,0,8,11	6,2,4,4	78	39
2450	43,16,10,5	2,0,0,3	23,25,17,10	4,5,3,0	48	39
2451	192,114,173,60	0,2,0,1	179,229,101,114	0,0,0,6	78	39
2456	1,0,0,15	0,3,0,1	8,8,8,9	0,0,4,0	78	39
2457	33,25,34,20	342,166,286,130	9,31,4,12	200,204,159,152	42	39
2459	0,1,2,7	138,70,96,83	0,0,1,1	73,101,54,91	67	39
2460	1,0,1,0	15,2,16,0	0,0,0,4	5,0,5,2	71	39
2461	215,181,233,138	1,0,0,0	158,197,129,150	0,0,0,0	78	39
2463	27,49,58,28	0,0,0,0	37,16,26,29	1,0,0,0	78	39
2468	29,10,16,3	32,18,60,18	19,10,6,20	28,22,35,11	64	39
2469	5,22,6,2	5,1,3,0	3,3,0,0	3,0,0,0	42	39
2471	24,30,9,10	3,0,0,4	8,24,15,3	5,1,0,0	78	39
2473	17,6,8,2	4,12,3,3	9,7,7,15	8,3,10,9	44	39
2474	83,40,51,44	61,42,47,39	72,50,28,18	58,46,32,11	78	39
2475	0,3,0,0	6,8,1,0	2,5,0,0	4,0,4,0	78	39
2476	18,2,8,15	0,4,2,2	11,4,0,6	1,13,12,0	78	39
2480	0,4,0,0	29,20,32,9	0,0,6,0	18,20,5,25	77	39
2483	2,0,0,0	0,0,0,3	0,0,0,1	0,0,0,0	65	39
2488	5,1,4,3	75,45,38,19	2,0,2,4	38,31,36,39	78	39
2489	24,26,6,18	0,7,7,2	16,4,16,5	7,6,0,7	78	39
2492	14,15,9,2	83,28,71,37	2,8,2,2	50,30,42,34	48	39
2495	1,0,0,0	17,5,14,9	0,4,1,16	2,14,4,6	78	39
2497	71,83,86,47	26,21,13,11	56,97,64,61	10,3,8,7	78	39
2498	37,48,42,26	26,21,13,11	19,34,31,32	10,3,8,7	78	39
2500	147,65,88,63	1177,703,1063,549	49,71,49,68	629,670,554,830	72	39
2501	2,1,0,0	52,23,46,20	4,3,0,4	37,38,30,42	78	39
2502	0,0,0,0	1,0,0,0	0,4,0,0	7,4,1,3	78	39
2505	5,0,0,2	13,6,7,4	0,7,0,0	5,0,0,6	51	39
2507	2,0,0,0	13,1,0,0	0,0,1,0	1,5,3,0	78	39
2508	46,49,50,37	26,8,27,7	32,29,35,23	7,4,5,10	47	39
2510	0,4,3,0	13,19,8,9	5,0,0,0	6,1,18,9	78	39
2511	1,1,0,0	3,1,1,0	2,0,0,0	0,0,2,6	43	39
2513	0,0,0,0	3,4,5,2	2,4,0,0	4,1,6,7	78	39
2515	23,27,40,16	2,0,7,0	28,40,35,17	1,0,2,0	78	39
2516	95,82,105,51	17,19,8,11	57,114,57,51	10,19,15,8	78	39
2517	72,33,51,47	8,3,1,0	50,54,48,31	9,0,0,0	78	39
2519	14,4,12,13	36,30,43,12	9,0,11,0	26,26,36,27	78	39
2521	142,78,119,73	24,8,10,15	85,89,86,97	12,15,21,3	69	39
2524	36,14,13,16	0,4,0,0	43,32,11,31	0,5,3,0	77	39
2527	1,0,0,5	0,2,0,0	0,0,0,0	4,0,0,2	78	39
2528	5,4,6,6	40,25,12,14	2,4,1,6	15,39,20,22	42	39
2531	2,2,0,0	1,3,0,0	0,8,3,0	1,0,0,0	78	39
2533	0,0,1,0	7,0,5,2	0,0,4,0	6,1,5,9	78	39
2535	15,16,4,0	0,0,0,0	13,0,5,7	1,0,0,0	44	39
2537	1,0,0,0	1,0,4,0	0,4,0,0	0,0,0,4	78	39
2540	0,0,0,1	7,9,0,0	0,0,2,0	9,4,1,0	46	39
2542	0,0,0,0	4,0,0,0	0,0,0,4	3,6,0,0	78	39
2543	23,9,26,22	5,0,15,15	23,16,10,29	3,17,2,0	78	39
2544	24,13,15,4	4,2,1,0	19,6,7,9	0,1,0,0	78	39
2546	58,31,25,26	2,0,0,0	37,18,20,28	4,0,0,0	78	39
2548	50,33,67,58	1,2,3,4	40,37,16,48	5,0,0,1	78	39
2550	0,10,9,1	8,9,12,2	2,9,3,4	5,7,6,2	50	39
2552	3,0,0,0	64,46,33,25	0,6,0,0	38,21,33,38	78	39
2554	10,1,0,5	67,59,34,37	5,0,0,4	36,60,16,49	78	39
2555	72,60,47,44	0,0,0,0	37,41,18,38	1,0,0,0	78	39
2556	0,0,7,0	43,14,9,14	1,2,6,0	15,25,12,16	78	39
2557	0,1,2,4	57,36,51,59	0,7,6,11	44,41,34,68	78	39
2558	0,0,0,0	2,0,0,0	2,0,3,0	0,0,2,0	78	39
2559	3,4,3,12	26,30,2,14	1,22,2,6	7,8,5,4	57	39
2561	21,9,24,28	0,8,0,0	9,7,2,18	3,3,5,0	78	39
2564	18,5,29,6	22,19,6,8	1,1,5,11	0,6,5,18	69	39
2566	7,0,0,0	15,7,10,5	7,0,0,0	4,0,3,12	42	39
2571	255,136,321,215	0,0,0,4	316,318,277,293	0,0,0,3	78	39
2574	5,1,5,0	26,9,24,24	0,11,0,3	10,43,20,29	78	39
2575	20,3,13,1	32,16,32,18	4,1,3,0	24,26,23,25	78	39
2577	29,2,21,26	0,0,0,0	24,17,9,15	1,0,0,0	78	39
2578	39,16,19,20	0,0,0,0	17,3,23,25	0,3,0,0	78	39
2579	19,16,11,18	0,0,0,0	13,0,18,13	0,3,0,0	78	39
2582	66,48,63,44	0,0,0,0	49,19,35,20	2,0,0,0	78	39
2583	3,0,0,0	16,0,2,0	6,0,0,6	0,0,5,6	42	39
2585	43,21,35,9	0,0,5,0	37,28,20,37	0,0,0,0	78	39
2586	29,14,22,4	0,0,2,4	17,22,11,24	0,0,0,1	78	39
2589	18,6,15,17	42,17,29,27	2,1,5,10	26,29,14,35	44	39
2591	0,4,0,2	2,3,9,0	2,0,0,0	1,6,4,5	42	39
2592	10,3,14,3	9,12,16,8	0,9,5,0	13,30,18,20	48	39
2593	1,0,0,0	0,3,0,0	0,0,0,0	1,2,0,0	46	39
2594	0,0,0,0	3,6,2,1	2,0,0,0	6,18,6,3	47	39
2595	0,1,0,0	27,6,18,14	0,0,0,0	18,24,8,16	43	39
2600	3,0,0,6	42,42,74,39	0,0,3,2	60,67,53,54	42	39
2602	6,5,10,13	1,0,11,1	12,7,4,0	2,5,0,0	78	39
2604	95,85,67,64	5,3,16,5	77,87,62,89	4,0,1,6	71	39
2605	7,2,6,6	3,3,2,2	5,6,3,1	2,0,2,3	50	39
2610	115,81,64,43	21,16,12,21	74,55,52,48	14,4,12,10	44	39
2612	0,0,0,0	8,0,2,13	0,0,1,0	9,5,7,1	78	39
2614	0,4,3,6	1,2,0,0	4,2,3,1	0,0,0,0	78	39
2622	19,11,25,0	1,0,0,0	18,10,12,3	3,0,0,2	78	39
2624	24,19,9,3	4,0,0,5	35,39,1,24	10,0,0,13	52	39
2627	0,3,12,0	8,0,0,0	7,12,13,3	0,0,1,0	78	39
2628	0,1,0,0	0,2,5,0	0,0,2,5	0,0,0,3	78	39
2629	3,0,2,0	0,0,0,0	6,9,3,0	0,0,1,5	78	39
2632	66,55,47,36	2,0,0,0	26,27,39,17	0,0,0,0	78	39
2638	164,80,130,59	0,7,0,0	74,102,53,77	2,0,0,0	78	39
2639	28,18,17,7	0,0,4,11	3,10,9,19	2,1,2,4	78	39
2640	0,0,5,0	5,6,4,0	0,0,0,0	4,3,4,3	78	39
2641	25,28,36,24	224,151,167,91	35,41,8,13	128,158,135,173	63	39
2644	2,6,9,0	18,20,53,19	3,2,0,0	14,18,17,10	54	39
2645	57,26,53,56	6,11,19,11	28,57,36,90	4,5,8,35	78	39
2646	0,0,0,0	14,9,7,2	0,0,1,0	8,16,4,7	60	39
2650	4,4,0,0	19,21,7,9	6,14,1,0	17,4,12,12	59	39
2651	1,1,1,0	19,9,16,24	0,6,1,2	9,21,13,21	78	39
2652	16,8,27,20	59,27,49,49	16,23,7,13	17,38,53,53	71	39
2654	73,49,47,47	18,0,4,5	74,48,54,29	7,13,5,16	78	39
2656	18,10,10,7	0,0,0,0	7,9,10,4	3,0,1,0	76	39
2659	40,14,29,14	0,6,0,0	12,27,15,6	0,3,0,0	78	39
2661	2,0,0,0	0,1,0,0	0,0,0,0	1,0,0,0	42	39
2662	0,0,0,0	1,0,2,0	1,5,0,0	2,9,0,1	61	39
2669	0,2,0,0	18,6,23,16	0,0,0,0	14,1,12,2	45	39
2673	0,1,0,0	9,7,14,11	2,5,5,0	11,14,8,9	43	39
2674	7,0,4,5	22,10,32,22	3,5,0,3	32,11,20,29	78	39
2678	0,7,6,3	10,5,0,1	2,0,0,2	11,10,3,0	78	39
2684	0,0,0,0	4,1,20,11	0,5,0,4	4,10,8,0	78	39
2685	42,15,27,8	6,0,6,11	16,24,34,16	2,0,0,3	78	39
2687	0,5,2,0	80,35,55,25	0,0,0,0	10,15,28,19	53	39
2694	4,0,0,0	96,34,81,10	0,0,0,4	43,25,51,55	72	39
2697	0,1,0,11	5,0,0,0	0,4,1,0	3,0,1,5	78	39
2698	27,18,21,5	0,1,0,0	30,24,14,23	0,0,0,0	78	39
2701	18,4,4,0	0,0,0,0	12,0,3,3	2,0,0,1	78	39
2704	8,11,9,3	11,6,5,0	14,3,4,11	2,2,1,5	78	39
2705	37,15,8,8	14,13,29,13	21,26,5,15	18,3,16,21	78	39
2707	0,3,0,0	28,5,24,19	3,0,1,0	18,16,7,12	78	39
2708	19,2,5,1	3,16,3,6	7,16,21,20	11,5,4,1	78	39
2709	25,14,11,9	132,87,104,51	20,26,25,15	67,76,52,94	43	39
2712	78,50,52,19	1,0,1,0	23,11,40,31	2,0,5,0	72	39
2714	70,26,22,21	27,21,17,9	35,35,45,59	22,14,13,6	77	39
2716	4,0,0,0	2,1,4,8	1,0,2,0	7,1,0,6	42	39
2718	1,4,0,0	19,16,17,15	1,0,1,3	16,20,13,20	78	39
2720	0,0,0,0	0,3,1,0	0,5,0,0	3,0,1,0	45	39
2721	228,140,171,129	3,0,5,0	113,102,71,88	1,0,0,0	42	39
2724	0,0,0,3	9,1,3,1	0,5,0,0	13,13,1,2	66	39
2725	0,0,3,21	0,0,0,0	0,3,5,2	0,0,0,4	78	39
2727	0,8,0,0	0,2,0,0	0,7,0,0	0,0,0,0	78	39
2730	207,111,191,83	2,0,2,0	114,109,92,136	6,0,0,0	78	39
2736	0,0,11,0	0,0,0,0	3,4,2,0	1,0,0,0	78	39
2749	25,8,5,5	1,0,0,0	17,8,19,5	0,0,0,0	43	39
2750	0,0,0,0	16,14,34,13	0,0,1,0	6,3,7,21	78	39
2751	149,88,175,70	4,5,0,1	96,143,114,118	0,1,0,0	78	39
2755	84,42,43,60	0,0,0,0	35,24,35,53	1,0,3,0	64	39
2757	77,45,97,61	1,12,0,5	60,59,41,60	0,11,4,1	78	39
2759	96,71,137,86	0,3,2,0	97,146,109,115	0,0,3,2	78	39
2760	142,103,192,128	0,0,0,1	150,259,155,138	0,0,1,0	78	39
2765	151,90,176,82	5,8,0,0	102,131,106,115	0,0,0,2	78	39
2768	105,107,109,61	2,0,0,0	63,96,76,65	2,0,2,1	78	39
2772	30,50,62,41	2732,2512,4152,2615	31,66,38,56	2234,2850,2171,2300	78	39
2773	0,2,0,5	38,29,26,7	8,1,1,10	22,29,20,42	42	39
2774	47,22,40,18	5,0,3,0	30,25,25,29	5,0,0,2	54	39
2775	0,0,0,2	21,27,5,14	2,0,0,0	24,13,15,14	78	39
2780	0,0,0,0	11,6,0,7	4,0,0,0	1,3,11,5	78	39
2785	2,4,0,4	3,0,0,0	0,1,6,0	0,0,0,0	78	39
2786	6,3,0,4	16,14,12,3	0,0,0,0	9,12,3,2	78	39
2787	0,2,0,0	9,5,3,0	0,0,2,0	3,6,1,0	78	39
2788	15,11,1,11	21,2,21,14	10,12,10,6	4,21,8,14	78	39
2789	24,14,4,11	21,2,21,14	13,18,9,6	4,21,8,14	63	39
2790	2,0,0,0	29,7,22,23	1,0,0,0	17,11,10,17	44	39
2792	96,52,41,39	0,0,0,3	52,32,38,59	0,0,0,0	53	39
2794	39,46,36,12	4,0,5,1	34,52,31,31	0,0,1,10	48	39
2797	16,5,21,3	10,1,1,1	7,11,4,14	4,1,5,6	62	39
2798	8,2,6,2	0,0,0,0	4,2,2,14	0,0,2,0	62	39
2801	0,0,0,0	21,19,11,6	1,0,0,0	4,1,10,5	47	39
2802	1,0,0,8	1,11,0,0	8,0,3,6	4,0,0,2	78	39
2804	1,0,0,0	4,1,0,0	0,0,3,0	0,0,1,0	63	39
2806	349,149,181,140	12,7,1,0	136,194,162,138	5,2,4,4	78	39
2807	5,0,5,1	87,65,114,27	1,0,0,0	62,53,39,21	78	39
2809	259,195,292,305	0,4,0,0	224,207,202,235	0,0,0,0	78	39
2812	0,1,0,0	7,5,19,10	5,0,0,0	8,4,8,4	78	39
2815	0,2,0,0	40,25,35,6	3,0,1,0	15,15,25,16	78	39
2820	0,0,0,0	14,16,13,5	0,0,0,2	4,3,5,6	78	39
2821	2,0,1,0	4,6,17,6	0,0,0,0	5,17,7,7	78	39
2823	9,0,21,9	459,384,372,286	18,14,3,4	352,403,249,444	78	39
2824	0,0,2,0	0,2,1,0	0,0,0,0	1,2,2,13	43	39
2828	6,0,0,3	16,5,10,10	1,0,0,0	15,12,7,5	48	39
2830	2,2,8,0	5,7,12,0	4,0,0,0	5,8,3,5	78	39
2831	17,5,8,3	0,5,0,0	12,8,13,11	9,0,6,4	78	39
2832	292,140,285,128	6,7,0,2	179,227,126,188	0,0,10,0	78	39
2834	0,6,3,7	64,47,14,21	2,5,0,0	33,46,32,40	69	39
2835	1,1,0,0	26,30,27,56	0,0,2,0	32,37,24,37	78	39
2838	13,5,4,3	11,9,4,4	9,9,4,8	11,18,8,21	78	39
2840	9,5,0,6	9,11,14,2	0,13,4,12	0,4,0,1	57	39
2844	2,0,3,0	0,0,0,0	4,0,1,0	0,0,2,1	78	39
2847	0,0,0,0	18,10,36,7	0,0,2,0	10,19,12,19	78	39
2849	10,4,7,11	9,5,4,6	0,5,3,2	0,0,3,0	78	39
2853	46,65,24,12	3,0,0,0	29,38,21,48	0,3,0,0	78	39
2860	15,3,3,0	6,6,6,0	1,3,3,0	0,5,10,10	42	39
2864	25,4,19,1	37,16,37,8	14,8,9,2	19,6,10,10	78	39
2866	59,43,100,35	3,9,3,2	41,90,64,102	0,2,13,2	60	39
2867	0,4,0,3	13,10,8,5	3,0,4,3	7,9,3,4	78	39
2870	6,0,3,0	0,0,0,0	0,0,0,0	2,0,1,0	78	39
2871	6,0,3,0	0,0,0,0	0,0,0,0	2,0,1,0	78	39
2874	9,11,16,5	3,0,0,2	16,3,10,5	0,0,0,0	75	39
2875	7,5,6,5	3,0,0,2	10,3,10,4	0,0,0,0	78	39
2877	34,23,22,2	0,0,2,0	29,35,14,38	0,0,0,0	78	39
2879	15,6,16,15	0,0,0,0	10,12,9,6	0,0,0,1	78	39
2881	5,1,0,2	12,3,4,5	1,0,0,0	8,17,7,7	64	39
2882	35,2,6,4	0,0,0,0	1,14,1,5	0,6,0,0	45	39
2883	172,171,153,132	0,0,0,0	123,176,144,141	2,0,0,0	73	39
2884	24,12,3,4	0,3,0,0	15,10,11,20	0,0,0,0	78	39
2885	4,5,4,0	0,1,0,0	3,3,2,5	0,5,0,0	78	39
2886	4,0,0,0	4,0,0,5	0,1,0,0	5,3,0,0	78	39
2887	0,2,5,0	22,22,12,17	0,0,0,3	15,18,11,29	78	39
2891	21,5,12,11	17,11,12,7	10,26,16,6	7,10,3,10	78	39
2892	139,102,121,105	0,3,0,0	111,89,82,80	0,0,4,0	78	39
2893	59,15,28,20	2,0,0,0	12,45,17,22	0,0,0,0	78	39
2894	42,16,21,12	107,117,136,115	13,19,6,28	115,112,113,113	52	39
2895	14,6,23,1	36,21,57,18	6,2,3,6	23,22,15,30	78	39
2896	253,108,114,121	3,1,0,0	170,151,158,172	2,3,3,0	46	39
2898	36,28,15,21	0,3,0,0	6,40,13,18	3,0,0,0	78	39
2899	6,0,7,7	1,0,0,0	5,7,6,11	0,0,0,0	78	39
2902	11,17,6,3	16,14,10,15	12,8,9,12	33,41,25,14	41	39
2903	4,2,0,3	0,0,0,2	0,3,1,9	1,0,0,4	63	39
2906	19,3,3,1	0,0,2,0	14,7,9,12	0,0,0,0	78	39
2907	8,0,4,8	33,16,22,12	4,0,3,1	13,11,21,26	43	39
2908	19,8,14,5	11,8,3,1	6,12,6,3	8,3,3,4	74	39
2909	1,3,0,5	3,3,0,0	12,8,2,6	2,0,0,0	78	39
2911	5,1,4,5	8,3,11,0	2,13,1,0	4,3,4,11	78	39
2912	2,1,0,0	4,2,4,9	0,0,0,1	0,4,5,0	78	39
2913	1,3,0,0	0,0,2,0	9,6,3,2	4,2,2,2	59	39
2915	2,7,4,10	1,2,3,3	2,13,3,13	5,11,2,8	63	39
2916	9,12,8,0	0,1,0,0	9,3,1,11	0,0,0,0	78	39
2919	1,0,0,0	8,0,15,3	0,7,2,0	4,0,3,3	47	39
2920	5,0,0,1	3,0,4,0	0,0,0,0	1,3,1,0	78	39
2921	2,0,0,3	2,4,0,0	5,0,0,0	7,3,3,1	78	39
2922	599,322,445,262	0,0,0,0	316,335,227,378	0,3,0,0	47	39
2923	2,10,6,2	33,14,80,2	0,3,4,5	25,21,25,18	78	39
2927	12,8,30,22	15,4,5,12	33,20,16,25	3,3,11,0	44	39
2930	1,11,2,0	46,19,21,20	3,8,0,5	33,20,27,38	78	39
2931	6,0,0,0	44,11,31,29	1,0,0,0	30,20,14,9	59	39
2937	13,24,25,12	11,5,0,0	19,24,13,23	2,0,0,0	78	39
2938	0,0,0,0	14,8,15,3	0,0,1,0	17,2,9,12	49	39
2939	10,6,17,2	0,1,0,0	2,0,7,7	5,0,0,0	53	39
2940	2,5,0,16	0,6,0,0	0,0,2,0	3,0,0,0	48	39
2941	18,20,18,5	11,6,0,15	19,8,9,19	7,7,2,7	47	39
2942	2,15,8,15	1,1,0,0	12,9,0,8	3,0,4,0	78	39
2943	5,0,9,0	0,0,0,0	4,3,0,5	2,0,0,0	78	39
2947	3,1,1,2	5,0,12,3	6,0,1,2	3,5,2,3	47	39
2950	1,15,0,2	0,3,0,0	3,0,0,4	1,0,4,0	78	39
2953	0,4,7,0	0,0,0,0	0,0,0,3	0,1,0,0	78	39
2954	2,10,2,3	0,0,0,3	5,0,4,4	2,0,1,0	51	39
2955	34,68,40,25	3,0,0,0	50,19,19,37	0,0,2,0	78	39
2956	0,0,0,0	11,20,19,14	0,0,3,3	20,5,8,18	78	39
2957	23,48,21,11	0,0,0,0	30,14,11,19	1,0,0,0	78	39
2959	22,8,29,15	3,3,3,0	9,33,17,24	6,0,5,4	78	39
