ID	IJC_SAMPLE_1	SJC_SAMPLE_1	IJC_SAMPLE_2	SJC_SAMPLE_2	IncFormLen	SkipFormLen
2	4737,2389,3299,2135	6694,3540,5195,3228	2287,2652,2066,2868	3751,4273,3307,4358	219	169
3	1264,589,757,493	6694,3540,5195,3228	595,721,558,692	3751,4273,3307,4358	87	169
4	36,21,37,23	13,5,27,9	13,36,26,22	10,7,4,20	172	168
5	2,4,2,0	4,4,0,0	6,5,2,0	3,0,0,0	117	198
6	109,105,59,50	106,78,101,79	61,42,49,83	54,49,61,58	197	192
7	1,0,0,0	21,24,32,25	0,0,1,0	42,10,28,10	114	99
8	28,10,11,19	0,1,0,0	20,28,55,16	1,2,1,1	198	72
9	24,10,11,16	21,24,32,25	19,21,37,17	42,10,28,10	198	99
10	2335,1277,2023,1443	1329,833,1288,837	1384,1656,1260,1682	888,943,876,1013	146	123
11	91,35,52,24	324,176,206,171	64,96,68,51	204,186,178,178	108	175
12	0,2,0,6	7,1,5,4	3,3,0,0	3,0,6,3	148	189
17	416,252,435,223	401,240,347,223	312,345,253,260	242,362,211,219	160	126
20	0,1,11,2	63,44,70,60	27,21,8,21	305,297,233,272	57	59
24	45,45,48,27	122,92,153,51	34,44,19,28	101,64,69,78	209	209
25	0,4,0,0	21,5,20,9	1,0,0,0	14,28,9,25	102	222
27	239,130,231,101	471,285,385,276	157,142,112,210	296,358,268,422	89	132
28	37,13,33,47	56,47,66,75	27,41,41,35	31,32,36,69	123	116
29	37,13,33,47	12,22,26,29	27,41,41,35	11,13,19,24	123	98
30	6,1,9,2	0,0,6,0	2,4,0,3	0,4,1,3	174	116
31	4,5,0,0	10,12,15,7	0,0,6,17	4,0,5,6	89	152
33	2,0,10,10	11,15,19,17	3,6,8,5	3,6,9,9	97	171
34	34,40,33,4	73,66,69,33	25,29,24,29	52,89,60,98	182	256
35	85,48,36,46	67,22,58,21	63,50,64,43	40,56,37,42	192	152
36	19,10,11,19	159,52,143,102	28,13,25,20	129,137,115,94	84	282
40	133,87,135,79	184,94,122,91	116,98,69,98	112,92,74,99	182	165
41	37,14,19,13	178,140,185,132	5,9,14,30	208,152,155,173	122	122
42	88,72,115,27	123,105,136,108	32,39,44,36	152,110,115,127	78	122
43	21,27,51,17	120,102,138,108	19,26,20,28	152,102,115,122	78	122
44	22,26,11,11	8,15,13,3	16,12,3,24	13,0,7,13	193	129
48	46,45,54,19	9,24,31,2	40,30,30,51	11,10,12,16	64	188
51	1488,1102,1017,676	127,49,66,42	760,854,598,700	58,87,37,52	1411	181
53	319,190,276,113	814,455,620,326	269,220,135,215	488,608,436,516	96	133
54	602,324,407,228	1757,1225,1443,912	302,370,241,318	1202,1255,951,1275	126	216
55	70,63,64,48	17,21,28,24	61,72,55,70	25,23,22,42	176	142
56	17,15,33,14	7,9,24,9	18,27,19,33	21,14,3,10	161	119
57	125,90,98,84	57,17,33,21	66,107,63,63	17,40,26,18	261	121
58	353,203,226,89	311,177,193,96	125,181,108,140	116,158,115,153	207	174
59	129,111,120,75	97,71,98,53	80,92,59,78	79,72,36,63	142	119
60	756,545,712,441	727,508,719,439	494,544,447,511	476,538,499,478	150	135
63	46,8,65,27	58,40,82,39	45,24,27,35	44,57,42,46	125	194
64	63,51,47,34	0,0,0,0	49,43,47,41	4,0,1,2	129	90
65	57,29,47,26	32,15,20,2	45,40,40,34	20,28,9,44	129	75
66	10,4,21,19	0,0,0,0	11,14,9,11	4,0,1,2	80	90
67	302,186,211,177	106,87,61,74	173,162,178,207	83,72,75,85	178	87
68	1104,665,1067,754	643,545,682,557	671,832,624,760	429,622,430,471	160	132
69	198,148,135,100	299,229,305,208	196,204,181,198	279,263,241,290	183	195
70	94,56,68,55	118,100,148,103	73,70,54,79	120,129,110,125	108	132
71	131,69,91,47	76,29,39,28	56,74,61,79	23,39,50,38	147	103
72	130,63,135,70	130,84,96,37	66,98,61,54	89,66,68,80	127	147
73	355,261,271,172	415,287,343,228	259,255,187,206	261,273,190,165	132	141
74	37,25,12,28	150,58,64,42	30,26,12,32	56,36,61,72	95	156
75	10,0,4,10	13,14,23,2	3,0,2,4	6,8,5,8	82	116
76	468,340,345,280	690,490,503,390	325,319,259,336	487,478,419,497	143	137
77	74,41,52,9	17,18,23,4	29,44,45,25	14,14,31,32	203	120
78	9,9,11,9	12,9,24,6	8,25,7,10	1,5,7,13	191	128
79	24,7,29,28	9,6,23,2	18,11,11,1	7,23,13,14	168	143
80	11,13,37,13	16,0,8,1	18,26,9,12	3,4,2,2	143	147
81	12,3,14,11	8,9,4,8	10,3,3,0	14,1,6,3	160	134
83	92,74,73,69	111,66,138,67	73,63,61,83	66,70,61,95	117	128
84	309,188,348,125	73,20,42,25	142,273,166,173	17,44,12,33	729	195
85	32,24,36,8	18,5,9,1	17,18,14,22	10,0,2,25	102	63
87	26,12,34,16	21,19,19,12	20,44,19,13	13,17,0,9	77	77
88	69,64,86,53	40,18,61,20	53,102,37,37	15,17,18,11	232	232
89	29,19,24,9	10,9,16,10	15,16,21,11	8,5,3,21	102	114
90	33,27,27,9	10,9,16,10	17,22,18,17	8,5,3,21	133	114
91	57,47,43,76	144,75,106,82	81,135,108,114	59,84,68,63	132	85
92	57,47,43,76	458,312,358,263	81,135,108,114	248,315,198,278	132	222
93	26,24,48,20	29,31,16,2	11,16,21,8	25,28,22,26	195	180
94	132,112,79,62	241,136,202,129	63,89,79,100	133,167,137,167	84	119
95	123,75,75,75	128,72,74,59	72,78,77,65	89,98,49,68	168	218
96	187,152,175,130	71,64,66,36	185,198,112,124	44,63,33,39	221	113
97	114,83,83,54	0,0,0,0	66,100,48,58	1,0,0,0	113	110
98	44,44,45,28	0,0,0,0	23,37,10,20	1,0,0,0	79	110
99	3,2,0,4	0,2,0,0	0,3,0,0	0,0,0,0	177	99
100	4,0,0,0	3,0,0,4	3,3,0,0	0,3,0,0	211	177
101	4,0,0,0	1,1,7,0	6,9,0,0	2,6,0,1	140	92
102	4,0,6,2	2,0,5,0	21,2,3,4	0,0,1,0	213	117
103	2,0,5,0	6,0,0,12	1,0,1,0	5,5,4,0	117	145
104	24,13,7,15	20,9,14,18	11,16,10,21	14,8,15,18	155	168
106	177,200,232,114	175,164,306,125	164,236,150,159	139,179,126,183	161	154
107	81,49,86,30	162,142,130,79	62,44,51,45	109,175,126,131	82	154
108	136,89,135,80	241,147,166,124	93,147,81,99	140,187,155,172	114	199
109	157,95,142,85	175,124,136,93	100,171,91,103	112,159,137,136	114	199
110	205,133,157,106	447,225,307,209	140,185,158,150	228,297,264,294	199	272
112	190,168,138,141	271,201,153,147	172,171,114,126	220,195,188,174	168	177
113	95,71,61,42	1380,830,877,661	71,38,47,68	703,901,674,858	193	1595
114	94,69,61,39	152,84,87,60	75,38,49,68	70,93,31,90	193	178
115	1339,806,864,644	152,84,87,60	683,881,666,848	70,93,31,90	1595	178
116	1425,848,899,668	12,5,3,5	719,918,688,877	5,8,2,3	1595	192
117	1425,848,899,668	1,2,7,0	719,918,688,877	2,0,0,1	1595	100
118	1384,824,886,651	153,85,83,60	699,898,680,867	70,93,31,90	1595	178
119	12,5,3,5	1,2,7,0	5,8,2,3	2,0,0,1	192	100
120	154,86,68,67	240,131,142,117	69,82,53,88	110,110,110,158	141	211
121	142,96,193,110	70,36,85,44	112,138,112,107	54,54,31,33	233	128
122	0,0,4,0	6,0,2,0	2,0,2,5	1,3,1,6	144	134
124	0,0,0,0	70,67,38,15	2,0,0,0	33,28,26,10	138	732
125	132,67,98,61	14,11,39,10	64,94,29,79	26,19,24,25	172	145
126	39,12,12,7	97,58,85,36	16,14,16,34	83,22,42,49	165	177
127	227,170,176,148	11,19,2,2	104,214,151,198	5,14,2,20	150	124
128	1,0,0,0	14,18,6,5	1,0,8,12	11,3,1,3	197	118
129	136,73,127,82	325,221,219,223	41,92,58,59	148,166,190,258	114	246
130	49,31,54,28	43,45,68,59	26,65,29,27	60,56,51,50	183	212
132	165,123,102,133	3,2,0,4	90,151,112,136	0,0,1,0	206	73
133	180,117,134,107	117,56,74,57	168,153,107,151	72,54,49,74	231	122
134	60,42,18,23	70,38,30,33	28,35,33,32	34,26,23,38	163	201
135	597,395,528,311	402,237,406,224	357,382,356,412	210,242,209,258	126	108
136	22,14,29,8	68,81,19,15	17,36,27,11	54,63,39,41	105	276
137	22,14,29,8	93,99,23,24	17,36,27,11	81,82,50,49	105	276
141	1,0,0,1	0,0,0,0	1,2,2,0	2,0,0,0	57	69
142	0,0,3,0	0,0,0,0	1,1,2,0	2,0,0,0	57	69
143	3,0,0,0	3,3,17,16	0,0,0,0	6,3,0,12	69	111
144	56,32,29,31	278,244,213,155	58,52,29,26	189,278,161,196	117	275
145	51,34,30,31	3,3,3,0	31,31,31,30	6,13,6,12	93	150
146	42,41,44,39	12,8,9,20	38,55,34,45	5,10,0,4	123	72
147	11,10,20,8	6,9,5,8	20,16,11,14	11,10,1,4	72	158
148	1231,807,1058,717	1279,1012,1312,860	760,899,611,804	938,1270,820,980	129	148
149	6,13,8,0	166,81,92,55	2,6,2,1	64,54,90,63	178	178
151	8,15,2,0	19,15,14,10	3,6,2,13	16,24,4,27	75	254
152	1850,1047,1786,1095	1906,1292,2026,1291	1055,1367,1087,1278	1437,1525,1241,1574	266	254
153	4,12,20,17	2,3,0,0	4,1,7,11	2,0,0,0	81	152
156	33,13,10,9	68,29,16,16	16,28,10,11	35,19,17,53	104	197
157	113,67,76,39	130,92,138,77	60,103,61,39	78,127,89,109	111	135
158	1069,908,823,637	318,193,182,190	650,792,427,615	174,183,106,154	293	118
160	44,8,70,28	4,0,0,0	33,39,22,26	0,0,0,3	117	117
161	46,37,67,22	90,64,134,108	61,48,40,57	104,87,55,122	117	145
163	29,26,25,16	16,24,18,8	18,66,25,13	15,31,30,34	101	114
164	1228,650,1041,685	542,327,431,268	669,791,573,893	356,301,240,439	169	106
165	163,99,123,92	219,157,273,182	78,150,102,96	130,195,118,153	99	123
166	132,51,116,104	153,108,149,139	72,109,57,69	100,152,104,135	90	99
167	2,0,0,0	17,16,36,16	4,16,0,0	12,21,10,2	177	170
168	7,6,20,4	17,16,36,16	2,18,3,2	12,21,10,2	86	170
169	1,0,1,0	0,1,0,0	0,0,0,3	0,0,0,0	159	159
170	13,5,2,15	17,13,29,8	10,12,4,6	6,12,11,10	84	109
171	328,113,294,190	495,227,408,254	218,204,158,176	381,372,240,365	184	246
172	283,154,253,221	328,119,280,172	140,240,221,137	245,219,137,163	232	184
173	715,624,718,624	572,512,490,512	609,670,601,616	520,554,450,484	147	107
174	145,104,133,90	96,54,106,78	96,89,92,113	70,131,78,111	176	152
175	138,102,141,81	26,19,29,18	89,88,89,110	30,9,25,18	176	74
176	138,102,141,81	68,45,48,62	89,88,89,110	55,85,45,88	176	152
177	142,144,177,107	89,72,123,93	121,151,101,114	82,147,76,73	117	96
178	0,0,0,0	6,0,4,0	8,0,0,0	13,0,3,3	117	117
179	15,10,15,20	22,11,8,26	12,15,5,11	15,17,13,7	125	120
180	3,5,1,3	6,3,6,0	4,0,1,4	0,0,15,3	92	130
182	0,0,10,0	62,40,55,35	0,1,0,0	23,26,19,31	119	111
183	0,0,10,0	120,59,119,61	0,1,0,0	39,52,48,58	119	128
195	707,361,527,338	1031,575,784,578	432,524,350,451	568,725,451,611	153	173
196	72,32,53,11	63,37,72,31	19,37,25,46	21,46,33,52	132	141
197	118,96,183,76	16,9,0,14	132,91,75,105	19,10,9,9	115	115
198	83,48,50,44	195,139,192,144	30,88,45,45	130,133,95,148	106	165
199	82,48,50,44	231,143,104,79	30,88,42,45	75,117,101,115	106	187
200	54,37,30,46	231,147,107,79	15,74,28,34	75,117,98,114	106	187
201	134,103,119,96	53,41,38,50	58,94,52,80	18,75,36,41	162	106
202	380,271,327,231	157,129,175,92	268,258,174,276	122,120,113,141	126	120
205	36,20,15,2	36,13,33,34	23,18,19,8	22,22,10,18	123	143
206	685,485,1007,562	233,137,292,153	556,720,540,639	165,190,116,155	585	165
207	97,89,74,42	48,18,44,31	71,68,40,79	38,25,23,49	180	128
208	97,62,95,68	162,103,113,103	47,23,32,68	138,191,100,107	145	145
209	45,20,44,42	58,47,46,42	48,22,37,33	53,38,55,43	111	111
210	12,5,14,3	10,12,6,3	2,16,4,2	5,5,5,8	161	194
212	4,3,0,7	40,55,24,13	1,5,4,0	29,41,12,19	126	144
213	19,7,17,15	40,55,24,13	10,17,10,5	29,41,12,19	220	144
214	49,45,21,14	53,25,25,14	51,53,25,54	33,52,22,27	123	144
222	160,93,129,95	18,26,16,14	105,103,103,142	14,17,16,6	155	67
223	57,54,55,85	1,6,8,9	51,45,41,43	4,0,9,1	149	59
224	147,72,119,63	295,147,233,152	119,78,103,149	156,177,125,183	131	156
225	171,80,128,41	295,147,233,152	122,71,80,124	156,177,125,183	134	156
226	147,72,119,63	292,154,228,152	119,78,103,149	162,166,128,191	131	193
227	171,80,128,41	292,154,228,152	122,71,80,124	162,166,128,191	134	193
228	164,73,123,66	186,80,148,64	102,72,58,66	97,71,80,111	97	134
229	159,72,118,66	119,48,100,33	94,61,58,72	83,51,69,84	97	134
231	19,9,8,8	39,29,47,28	15,2,6,16	26,19,16,26	92	111
232	1,5,0,4	1,0,6,0	2,0,3,0	0,1,0,0	108	51
233	99,89,130,79	293,177,275,215	93,97,72,86	213,158,162,203	138	211
234	966,601,1156,607	547,381,537,349	684,739,592,660	355,329,284,383	246	147
235	66,39,66,49	22,29,17,12	63,54,35,71	11,10,16,26	371	243
236	47,19,29,8	23,13,30,8	19,24,3,39	17,18,9,25	166	112
237	142,130,76,71	25,42,34,26	106,147,84,119	44,35,37,40	300	120
238	15,15,8,4	2,1,2,19	32,7,12,23	9,8,6,7	218	151
239	100,40,54,104	405,342,445,277	47,66,59,76	367,408,244,345	95	218
240	13,0,19,0	4,1,1,0	3,17,8,10	0,12,0,5	144	183
241	2,0,0,0	60,29,15,28	6,0,0,0	36,74,21,62	94	237
242	7,14,24,7	27,0,6,4	26,15,13,15	12,17,1,13	228	225
243	28,10,24,4	11,6,8,10	19,11,19,13	18,5,4,10	183	138
244	963,721,866,484	186,131,197,103	571,665,436,606	90,175,89,144	963	222
245	84,36,39,64	71,21,31,67	46,47,46,44	64,70,48,35	156	162
246	5,2,15,19	0,0,2,0	5,1,0,0	0,0,0,0	210	84
247	57,26,55,36	64,17,65,20	24,23,24,23	50,22,32,22	132	181
252	70,45,76,34	64,58,71,21	36,41,24,57	23,41,21,23	146	127
254	0,0,0,0	18,6,7,0	0,0,0,4	5,16,3,2	72	87
255	124,86,415,238	65,39,155,138	273,385,268,227	171,121,123,92	149	90
256	13,11,30,44	228,221,667,538	39,32,26,12	535,715,450,602	90	216
257	68,54,207,113	454,351,1304,885	114,157,133,147	1040,1042,851,1001	90	412
258	8,11,4,2	33,32,22,8	8,6,13,3	26,14,10,22	116	200
259	937,727,877,676	938,658,614,499	745,980,690,728	625,736,522,619	201	204
260	20,20,41,4	2,6,2,5	13,40,15,11	0,2,0,0	174	79
261	2,4,5,1	10,13,21,12	2,0,0,5	27,28,9,13	82	132
262	0,2,0,0	4,3,0,9	1,5,0,5	4,9,1,3	146	153
263	1,7,3,11	0,0,0,0	0,0,8,4	3,5,0,0	131	131
264	107,38,51,41	20,21,21,7	70,77,70,105	32,34,22,19	706	227
265	60,32,20,14	97,85,62,48	34,32,16,20	51,49,39,36	140	236
266	60,27,20,14	85,73,59,42	34,32,16,20	48,45,33,29	140	236
267	103,91,71,43	44,46,61,14	57,58,42,34	42,20,29,25	236	135
270	1,0,7,4	1693,1121,2088,1351	1,4,3,1	1172,1421,1006,1606	98	98
271	4851,3090,5550,3513	3927,2510,4685,2849	3705,4670,3351,4285	3156,3628,2737,3786	241	148
272	1,0,0,0	31,14,31,21	0,0,0,0	30,41,6,26	124	124
275	0,0,0,0	8,6,10,5	0,5,0,0	7,8,1,9	59	146
276	202,165,186,78	329,183,286,146	147,138,118,114	166,201,122,180	147	200
277	974,701,708,516	518,355,338,306	577,700,500,634	303,495,272,355	210	131
278	36,14,19,9	37,44,12,26	37,37,17,14	44,34,19,18	148	156
279	180,94,84,54	143,93,75,82	66,93,47,103	80,75,56,79	97	145
280	233,188,185,154	363,209,291,212	212,208,145,212	311,353,198,305	146	135
281	420,252,359,240	342,218,247,233	366,384,224,365	232,230,176,185	135	103
282	2,0,0,1	0,0,2,0	0,8,0,0	3,0,0,2	132	92
283	56,61,59,34	146,109,123,69	57,65,47,51	75,105,50,114	116	186
284	272,121,199,83	1205,527,871,544	172,138,132,167	701,770,528,753	81	138
287	54,40,56,50	41,24,43,42	28,93,29,24	30,60,20,25	129	94
288	7,14,2,3	12,10,24,16	8,13,0,2	9,4,7,12	106	98
292	175,88,156,97	40,16,31,20	121,140,48,118	32,33,21,29	175	110
293	31,14,1,17	51,37,24,27	13,9,3,8	20,50,31,24	156	315
294	9,3,11,32	24,13,59,39	14,7,15,3	43,28,24,22	263	312
295	139,29,143,64	169,92,232,100	72,94,56,92	147,171,97,137	114	154
296	178,122,151,84	248,175,216,122	135,170,106,97	198,190,140,118	141	152
297	0,0,0,0	89,38,115,40	0,0,3,0	24,56,53,59	164	191
298	4,0,14,2	2,0,1,6	49,52,43,22	1,2,3,2	909	204
299	2,5,7,12	0,4,0,0	1,11,4,6	0,0,0,0	112	112
302	317,182,239,182	172,101,167,93	125,198,143,139	117,130,91,114	176	132
303	5229,6311,6141,4986	3253,3838,3703,3119	5782,6934,5019,5585	3313,3875,3034,3105	123	141
304	10,5,23,24	27,22,14,16	14,8,16,15	13,28,19,44	216	268
306	200,120,177,100	267,179,181,121	145,156,102,158	186,197,152,188	157	174
307	5,7,4,2	18,8,4,4	12,0,3,6	13,2,3,8	130	159
308	704,448,689,506	757,471,824,513	459,591,429,592	621,773,456,646	213	201
309	5,3,22,10	6,4,13,6	4,7,9,1	6,11,2,3	112	117
310	8,0,8,7	5,4,23,9	9,4,6,8	8,7,10,7	120	112
311	14,5,5,12	11,7,8,7	11,12,9,5	5,16,9,4	135	102
312	15,3,0,13	17,19,39,10	10,5,5,6	18,26,11,14	102	174
313	63,36,54,32	870,484,505,312	42,75,22,44	389,416,274,500	201	270
314	13,16,43,20	13,6,29,21	9,15,13,10	22,8,7,22	115	99
315	66,40,63,30	59,55,70,34	41,50,61,42	63,24,45,35	215	180
316	215,176,188,149	305,276,389,330	130,158,125,166	298,280,252,317	199	229
317	58,42,37,31	32,19,13,14	41,15,39,49	19,4,14,3	166	131
318	77,50,39,29	26,14,9,14	50,15,45,71	19,4,13,3	258	131
319	80,51,39,26	32,19,13,14	50,15,54,74	19,4,14,3	258	131
320	268,156,198,113	54,41,54,34	114,117,114,118	30,24,30,27	222	105
321	33,13,20,0	145,74,134,105	9,5,14,19	83,97,92,135	105	207
322	371,230,275,228	438,345,396,224	205,316,202,205	279,287,233,250	112	115
323	433,307,287,187	403,247,253,146	169,251,152,200	165,210,200,248	144	136
324	71,47,51,33	269,128,101,84	35,34,30,50	135,179,131,157	102	140
325	506,342,411,250	0,3,8,5	286,312,290,336	11,12,1,4	139	130
328	0,0,0,5	0,0,0,0	0,3,0,5	0,0,0,5	123	105
331	3,4,12,21	54,30,79,51	10,0,10,4	56,55,47,60	111	171
332	98,95,141,77	45,34,41,28	106,106,88,92	36,30,41,47	141	90
334	168,77,70,83	164,68,72,43	85,98,76,94	61,66,84,116	102	114
336	48,41,47,37	30,20,18,5	35,35,24,41	18,6,12,23	173	127
337	15,11,12,0	41,35,21,32	12,0,5,14	26,29,8,25	127	134
338	24,14,25,0	41,35,18,32	16,17,9,22	24,29,8,25	127	134
339	115,94,139,105	330,240,293,214	78,96,75,128	287,273,249,231	193	352
341	51,19,17,24	151,62,124,63	31,31,24,25	53,96,57,89	100	150
342	31,27,27,26	226,120,132,120	17,19,13,5	96,78,101,65	77	237
343	7,0,0,9	0,0,0,0	0,10,2,0	0,0,0,3	113	99
344	0,0,3,0	138,50,76,94	0,0,4,4	51,95,67,90	65	481
345	0,2,1,0	0,0,0,4	0,0,0,5	0,2,0,0	147	204
346	161,83,139,113	76,31,80,43	92,138,102,138	52,61,57,70	217	115
347	51,15,49,13	77,42,89,61	33,34,39,37	58,51,58,67	115	128
348	77,43,75,19	77,42,89,61	43,46,58,57	58,51,57,67	115	128
349	46,19,8,28	29,20,17,14	20,32,21,23	6,8,5,2	141	75
350	29,28,26,28	132,65,112,81	27,18,15,18	49,84,44,61	133	283
351	109,64,98,56	226,185,169,100	68,79,58,101	140,146,113,193	202	321
355	1,0,0,0	2,0,0,11	3,0,0,1	0,0,0,0	118	165
356	18,19,40,15	14,20,26,17	14,10,25,9	22,3,18,14	120	134
357	87,59,40,34	91,45,26,47	56,104,39,40	73,48,56,58	201	151
358	127,47,83,28	106,37,103,59	79,96,79,107	68,56,48,77	200	130
359	6,0,1,3	20,4,5,1	7,1,9,3	11,3,5,14	113	144
360	141,87,124,82	87,99,119,58	93,136,81,81	92,107,62,67	222	197
361	40,27,45,19	54,87,103,63	31,19,28,28	93,93,92,80	160	268
362	123,139,111,110	165,118,187,92	111,131,96,98	124,138,98,133	122	154
363	119,146,142,85	42,29,21,13	79,100,72,83	19,5,11,9	119	119
364	96,94,140,68	62,26,70,26	85,93,69,133	28,42,40,40	163	87
365	9,2,9,1	0,1,0,0	9,7,0,0	0,0,0,0	150	130
366	428,324,402,305	194,157,224,160	312,294,327,307	144,162,180,175	189	104
367	2,4,0,0	2,6,6,0	1,0,3,0	0,0,0,0	169	159
368	278,132,265,209	5,3,6,8	202,190,201,300	6,0,7,4	158	56
369	266,155,204,125	369,265,295,236	126,201,107,168	228,256,205,279	233	233
371	0,0,0,0	0,10,2,0	1,0,0,0	1,6,0,0	101	126
372	109,104,115,126	124,101,169,97	87,75,56,112	100,118,85,110	161	222
373	1,0,2,6	44,20,43,19	0,0,0,0	30,17,18,28	81	117
374	15,16,20,13	23,28,46,10	19,12,12,19	21,16,16,10	117	129
376	207,98,195,123	150,101,166,80	148,164,129,158	83,104,74,102	129	120
377	171,77,185,107	102,66,106,52	126,150,119,147	59,65,52,65	129	120
378	181,100,170,83	191,104,117,97	109,113,83,106	121,113,80,128	120	99
379	150,129,76,66	85,58,31,43	84,93,48,93	45,40,26,52	231	138
380	43,15,16,32	7,9,13,10	18,42,16,16	17,15,3,15	176	97
381	204,201,258,149	248,139,227,155	155,166,205,180	191,224,159,215	78	102
383	166,96,161,102	121,88,160,70	105,169,69,119	81,136,76,103	148	129
384	31,19,29,40	43,24,26,34	23,21,22,40	41,25,26,47	124	115
386	116,107,95,122	328,233,244,223	112,111,99,67	250,332,212,254	108	141
387	171,102,115,82	167,123,103,128	86,169,109,124	137,206,108,120	108	108
389	31,13,32,15	32,25,50,35	19,23,20,41	46,41,25,28	112	145
390	0,1,0,0	80,38,49,36	1,1,0,0	27,52,29,48	165	144
391	165,117,124,118	116,93,90,91	146,172,136,128	92,71,78,94	235	130
392	155,102,143,79	133,126,136,100	111,107,62,113	111,152,82,120	135	144
393	0,4,0,0	18,6,16,6	0,0,0,0	11,10,20,21	72	282
394	481,289,347,205	351,191,195,122	242,324,248,214	191,170,143,180	204	144
395	157,148,151,123	404,325,332,233	138,134,86,134	243,324,161,267	147	240
396	6,3,7,0	1,3,0,0	2,3,7,6	1,0,0,1	83	89
397	35,18,28,11	43,26,39,11	10,7,12,17	11,23,17,17	138	138
398	86,57,67,52	225,121,187,132	67,53,75,66	131,200,124,140	109	219
399	403,272,283,225	126,87,119,60	333,301,224,273	146,92,74,84	138	111
400	109,75,117,60	251,179,207,160	76,80,49,63	239,193,146,218	108	138
401	54,29,49,63	152,130,126,124	61,23,37,52	169,156,98,182	231	193
407	0,3,0,0	1,0,0,0	0,0,0,0	0,0,3,0	150	126
409	0,3,0,0	1,0,0,0	0,0,0,0	0,0,3,0	150	126
416	41,45,43,33	128,79,108,67	31,44,29,44	62,104,49,102	132	192
417	0,0,0,0	0,0,0,1	1,0,0,0	4,10,0,1	117	144
418	0,0,0,0	0,0,0,1	1,0,0,0	4,10,0,1	117	146
419	1230,852,1146,821	4,7,9,4	912,1030,657,1070	12,15,6,9	111	96
420	41,33,84,70	22,14,50,25	71,70,43,56	41,46,24,39	156	121
421	394,249,300,232	76,69,63,59	254,279,232,232	66,67,49,89	202	100
422	178,106,143,95	376,286,330,175	103,146,122,95	245,297,205,246	100	198
423	15,3,3,22	172,74,105,81	18,9,11,14	81,106,92,52	109	213
425	156,81,162,107	87,65,59,41	70,83,80,126	31,62,30,55	209	142
426	72,40,72,20	84,37,58,44	44,59,40,36	66,73,54,60	163	179
427	65,31,60,52	50,77,108,94	31,55,39,76	66,93,90,75	140	170
429	0,3,4,9	217,103,215,113	8,7,0,1	141,184,131,175	91	164
430	4,11,4,11	13,12,8,8	14,7,0,4	2,49,0,13	91	536
431	40,14,51,18	7,0,3,0	11,32,21,15	0,3,0,0	108	75
433	11,0,8,7	5,13,4,5	1,6,4,22	4,27,3,9	148	179
434	2,6,4,0	3,1,0,0	1,5,0,3	0,10,0,0	128	134
435	61,50,42,29	18,6,4,10	56,34,32,54	24,4,10,8	199	85
436	88,57,108,58	43,28,40,31	53,49,41,101	27,24,18,43	232	158
437	440,275,529,371	999,684,1412,898	409,533,364,426	924,1174,779,1087	87	152
438	16,15,14,13	19,2,1,3	11,12,9,8	5,0,6,0	167	130
439	736,554,689,322	1145,731,1038,582	439,503,385,545	638,821,571,659	114	197
440	0,0,12,2	2,0,4,0	2,3,4,0	1,0,0,0	194	59
441	42,26,23,24	29,11,19,19	19,20,24,22	15,6,17,28	157	141
442	16,19,19,20	43,53,53,28	22,36,24,25	37,56,33,53	99	139
444	7,13,6,8	14,8,16,16	0,1,0,4	9,10,0,15	153	121
445	82,80,83,71	51,29,24,54	49,43,81,79	25,28,32,40	148	105
446	2,0,2,5	2,0,0,0	0,2,6,2	0,0,5,4	228	75
447	2,0,2,5	2,0,0,0	0,2,6,2	0,0,5,5	228	121
449	3,0,9,0	12,5,15,0	4,7,7,9	19,23,8,1	94	85
450	3,0,9,0	27,16,45,3	4,7,7,9	35,46,23,5	94	234
462	0,8,6,0	2,4,5,2	3,0,2,4	6,10,1,2	107	98
463	850,479,611,486	262,138,284,164	406,488,337,422	149,210,128,183	182	88
464	14,21,24,11	21,14,4,5	29,10,16,13	9,14,23,17	146	136
465	40,22,16,8	64,66,78,24	12,49,22,22	40,53,38,53	80	101
468	80,54,74,47	107,84,88,109	64,65,73,85	97,111,102,120	106	153
469	5,0,0,0	9,0,10,5	0,0,0,1	0,2,0,5	190	184
470	126,99,150,72	35,19,36,41	131,119,132,166	63,68,56,67	236	113
471	6,16,35,14	108,86,125,72	21,10,8,36	115,110,117,125	82	236
472	6,16,34,14	138,97,170,81	21,10,8,39	156,127,135,153	82	236
473	63,27,47,51	8,5,11,9	32,40,36,34	6,8,5,9	171	90
474	34,19,20,20	87,43,51,36	12,9,14,19	44,58,20,25	126	228
476	13,14,9,1	9,11,0,16	18,13,6,10	17,4,5,0	190	132
477	13,14,9,1	8,4,24,14	18,13,6,8	6,12,13,6	190	179
478	69,30,37,31	173,145,150,148	55,41,22,56	137,100,115,104	156	282
479	69,30,37,31	170,141,140,144	55,41,22,56	123,105,110,98	156	264
480	138,104,159,108	3,3,6,0	111,83,90,122	4,0,1,0	72	133
481	56,32,47,48	3,3,6,0	42,28,43,50	4,0,1,0	67	133
482	171,85,118,97	158,127,178,119	102,136,81,162	149,173,110,202	150	161
483	321,170,291,194	1266,848,1178,645	202,239,140,201	743,810,664,840	141	297
484	249,144,261,149	1266,844,1170,645	136,197,110,169	745,805,663,825	141	297
485	18,7,17,10	36,19,17,24	18,23,14,8	28,19,13,27	117	144
486	14,12,11,16	14,10,10,19	8,14,8,18	4,17,20,7	138	138
487	109,84,98,35	12,10,36,14	36,73,40,49	19,8,26,17	145	73
488	0,0,0,0	444,290,638,441	0,0,1,0	461,468,356,525	57	145
489	536,378,626,452	444,290,638,441	539,573,434,578	461,468,356,525	155	145
490	298,147,377,243	136,104,188,147	257,252,226,283	139,170,92,152	91	84
491	65,26,47,36	40,20,32,14	30,68,25,23	15,24,32,20	160	126
492	467,355,525,353	316,188,225,182	450,628,409,431	238,251,171,304	267	168
494	94,67,88,46	128,92,162,68	100,146,71,67	188,185,176,150	133	152
495	128,92,160,68	129,75,119,76	186,204,168,147	182,168,92,113	152	120
496	17,3,9,4	7,1,2,0	10,8,5,8	4,0,0,3	176	125
497	1063,794,734,590	936,748,656,548	590,896,586,729	642,643,599,698	185	166
498	1009,763,649,611	1516,1319,1108,1061	650,708,627,725	1132,1193,970,1039	166	203
499	19,1,8,5	54,49,43,36	3,17,8,2	30,20,29,26	111	111
500	12,9,10,7	1,1,6,0	16,9,15,21	1,5,3,0	122	81
501	232,166,196,101	124,116,89,80	139,148,124,156	67,109,62,67	159	120
503	103,79,103,91	50,30,34,41	54,45,51,52	37,22,22,38	152	105
504	61,22,33,21	6,5,12,16	30,31,19,30	4,6,7,10	710	138
512	24,19,32,54	14,10,35,30	25,18,27,22	11,25,21,14	194	144
513	170,102,176,124	32,37,12,11	160,124,157,113	28,33,6,11	192	192
514	116,83,95,67	25,28,36,13	75,84,41,67	24,15,9,26	139	73
517	231,160,234,130	245,166,223,171	172,190,155,252	195,163,162,192	111	125
518	221,139,201,124	323,150,231,118	192,165,154,175	244,151,199,147	125	126
520	4,6,8,0	15,3,10,8	6,28,7,4	4,19,5,2	171	102
521	0,0,0,0	27,2,4,3	0,0,1,0	11,10,6,5	101	148
522	340,249,209,195	275,188,198,142	219,219,184,180	178,165,130,152	227	198
523	28,6,4,13	113,73,130,67	16,3,7,13	83,136,62,70	130	130
524	0,1,0,0	1,1,0,0	2,6,5,7	0,13,0,0	153	152
525	38,9,16,20	169,172,211,112	39,29,22,21	183,185,98,123	194	266
526	42,11,15,20	5,11,3,16	39,34,23,21	10,4,2,6	194	351
527	5,3,7,7	13,7,6,6	1,3,7,2	11,22,6,6	143	161
528	7,7,6,0	2,3,0,9	1,0,0,0	0,2,4,0	99	117
530	0,0,7,0	0,3,4,0	0,0,0,0	0,4,0,0	76	174
531	13,1,4,0	0,0,0,3	15,13,2,17	3,0,0,0	178	178
532	13,1,4,0	0,0,0,0	15,13,2,17	2,0,0,0	178	91
533	41,50,21,27	29,28,32,19	24,37,36,44	20,23,22,25	169	133
534	6,15,11,5	37,40,31,21	6,8,7,9	20,47,38,30	137	169
536	28,26,35,22	78,91,52,43	32,32,15,16	79,93,35,50	120	138
537	163,133,190,171	0,0,0,0	175,175,126,193	0,4,0,0	139	85
538	281,157,225,187	1561,1050,1444,808	140,153,136,178	1040,1200,986,1201	99	208
539	93,67,51,57	1561,1050,1444,808	65,82,48,74	1040,1200,986,1201	96	208
542	251,157,176,136	214,143,147,106	179,122,131,178	122,119,110,154	192	162
543	38,22,61,17	53,27,39,12	24,43,8,52	26,23,9,46	123	96
544	59,38,27,9	105,69,54,80	27,17,6,48	45,81,40,91	96	121
545	203,151,210,145	220,131,191,139	168,202,130,180	156,166,126,159	87	115
546	96,38,27,27	2611,1606,2146,1431	97,92,31,54	1554,1730,1353,1743	263	161
547	53,11,14,17	2611,1606,2146,1431	45,50,16,26	1554,1730,1353,1743	164	161
548	18,17,25,10	65,23,37,33	22,40,21,24	52,73,49,67	184	113
549	2,9,8,5	65,23,37,33	4,14,9,5	52,73,49,67	131	113
550	2,9,8,5	18,17,25,10	4,14,9,5	22,40,21,24	131	184
551	21,21,17,5	83,51,47,16	14,14,7,6	45,35,28,51	82	137
552	13,4,1,5	24,3,5,10	5,0,3,6	23,6,6,15	80	109
553	165,94,68,81	72,31,30,23	106,127,114,114	51,23,26,62	204	116
555	315,192,423,221	224,176,276,141	258,308,254,299	177,244,142,216	188	125
556	383,245,342,288	135,71,113,105	331,359,237,280	157,139,98,147	92	71
557	231,122,134,119	105,88,134,114	114,119,162,125	82,144,86,115	71	76
558	221,118,134,110	1194,896,907,654	114,119,161,119	838,948,620,729	71	411
559	181,91,124,110	283,164,199,146	172,172,117,179	169,253,170,213	76	70
560	1075,818,814,617	0,2,0,0	839,842,563,694	3,0,1,1	411	72
561	10,4,0,9	0,2,0,0	2,0,2,6	3,0,1,1	70	72
562	99,84,124,112	6,5,1,1	81,140,84,109	5,7,0,3	70	72
563	263,148,193,135	447,294,380,256	149,241,140,168	322,372,250,253	72	87
565	0,2,6,0	0,0,3,9	0,0,2,6	0,14,3,7	164	163
566	12,1,3,0	2,5,2,0	6,8,0,0	5,4,8,0	195	200
567	168,109,107,99	77,33,82,37	118,150,92,105	30,64,53,68	146	99
569	151,100,47,62	146,86,99,45	102,44,49,67	83,87,63,61	180	123
570	274,126,121,51	159,148,108,29	126,140,131,107	134,128,99,98	217	176
571	91,75,68,76	151,108,115,119	60,112,43,59	48,129,104,65	214	292
572	0,0,0,8	164,126,172,93	0,0,0,5	120,100,103,151	160	311
573	65,55,83,36	121,135,193,116	78,99,50,71	157,132,88,126	65	108
574	44,40,29,32	142,70,83,59	28,46,23,46	55,109,71,106	90	153
575	153,87,155,121	64,43,68,27	108,118,63,98	30,41,26,54	196	109
576	25,24,41,5	1,5,4,0	24,32,21,15	7,4,2,12	117	117
577	67,30,46,45	155,86,60,100	58,17,34,34	91,87,66,115	189	252
578	81,32,51,16	134,89,109,81	42,57,49,66	95,121,82,123	113	184
579	93,52,117,65	45,37,53,27	58,89,68,67	42,58,42,26	150	100
580	0,7,4,2	32,14,10,21	7,0,2,0	12,6,9,13	102	102
581	64,37,29,28	2,0,0,0	20,25,20,25	0,0,0,0	102	51
584	204,210,232,149	119,112,127,57	195,232,198,155	71,98,87,68	207	117
585	993,664,866,603	1262,926,1253,924	693,796,610,681	1061,1026,923,1028	159	198
586	571,440,755,424	595,411,831,402	555,614,403,451	535,615,476,512	178	204
588	14,11,3,8	5,17,16,5	6,3,5,32	7,6,4,11	189	174
591	33,16,22,19	22,6,10,8	24,19,10,8	5,0,7,11	223	127
592	6,0,21,7	2,11,4,4	5,6,11,8	5,4,2,2	102	78
593	61,30,21,19	45,19,40,37	17,29,16,21	16,24,16,36	144	145
594	61,29,21,19	58,32,43,33	17,29,16,21	23,37,20,16	144	134
595	22,13,45,24	119,60,99,88	35,31,7,22	119,53,79,74	144	288
597	237,181,246,132	214,129,232,131	152,129,120,188	141,135,119,158	201	190
598	326,276,275,178	716,440,465,316	147,158,138,208	225,368,281,394	143	189
600	39,10,57,41	130,73,129,83	70,57,72,71	140,107,99,135	85	137
601	90,84,87,69	71,29,60,53	89,76,60,74	61,35,38,57	228	171
602	165,126,123,91	98,104,123,77	88,128,72,91	80,102,72,85	121	112
603	41,22,28,7	96,49,72,76	36,18,15,45	59,78,51,73	122	189
604	15,19,46,10	24,29,20,7	16,28,20,18	22,3,7,22	144	152
605	3,8,0,0	19,19,21,7	1,2,4,11	7,1,11,15	123	79
606	82,65,57,85	215,174,183,108	79,111,68,87	155,237,146,185	164	204
608	0,0,1,0	0,0,1,0	0,0,0,0	1,0,0,0	90	150
609	28,51,21,27	1,2,0,0	47,47,28,33	0,0,0,0	210	73
610	56,44,80,28	118,86,141,83	67,29,41,65	100,109,87,95	128	152
611	5,2,13,0	0,0,0,0	9,17,6,11	0,0,2,0	107	248
612	33,5,18,0	108,71,34,32	26,20,30,9	68,68,62,56	69	252
613	58,45,33,38	98,97,90,40	30,52,23,20	49,50,50,54	206	225
614	25,36,22,16	104,77,100,51	12,23,11,11	47,60,29,37	145	242
615	5,9,6,0	4,5,8,0	4,0,0,2	0,0,1,7	190	136
616	39,47,41,63	2,1,0,0	28,35,17,28	0,0,2,0	113	101
617	271,164,194,150	262,148,180,150	179,221,125,135	180,225,161,178	156	156
618	272,159,169,156	244,119,192,87	186,224,157,181	127,199,114,188	156	166
621	219,138,218,170	97,73,90,77	151,127,120,158	66,91,61,72	257	202
622	52,32,40,32	58,20,57,15	28,26,25,46	26,20,17,25	113	101
623	29,3,5,8	19,27,7,15	21,17,6,15	12,21,20,9	111	108
624	186,100,85,66	251,118,132,59	134,84,81,110	106,119,96,124	186	177
626	5,3,9,11	0,2,0,0	6,22,19,21	0,0,0,0	147	145
627	100,106,82,55	25,9,18,18	73,81,36,61	8,27,10,10	252	101
629	320,340,601,302	360,247,305,231	327,289,279,347	185,276,198,205	162	156
630	0,2,0,0	0,0,0,0	0,0,0,0	3,0,0,0	150	248
631	38,32,31,14	56,38,21,14	55,76,41,39	33,27,19,31	117	72
632	17,0,0,0	5,0,0,0	1,0,2,3	0,0,0,0	127	203
634	10,2,0,0	23,15,11,32	1,0,13,1	3,4,16,19	135	114
635	54,24,32,42	72,47,40,40	32,16,26,25	46,63,49,67	128	177
636	28,7,15,7	97,50,44,47	32,21,9,29	45,63,33,55	100	186
637	11,12,4,0	31,6,6,10	18,22,17,5	16,19,11,12	763	85
639	41,74,31,41	30,15,13,4	49,74,47,54	14,27,5,10	210	91
640	12,6,0,5	146,91,45,62	0,0,0,14	91,66,42,49	156	560
641	38,26,12,22	36,15,15,6	14,31,24,27	36,52,44,40	130	130
645	67,35,44,30	105,47,48,16	23,27,25,38	56,45,62,80	187	287
646	14,6,11,7	6,0,0,0	21,14,10,11	0,0,0,0	96	51
649	339,97,172,106	88,89,96,58	154,174,141,183	85,52,70,120	446	303
650	122,100,179,115	74,38,65,74	77,119,47,64	40,74,41,70	213	123
652	109,61,69,36	17,6,4,8	27,31,43,20	3,11,7,6	107	219
653	0,5,0,14	1,0,0,0	4,3,8,3	0,0,0,0	179	176
654	144,90,51,71	144,155,145,84	73,48,57,65	93,79,89,92	132	150
655	135,98,58,50	69,45,46,45	66,86,91,81	41,40,36,42	152	113
657	33,17,14,17	0,0,0,0	21,36,11,28	0,0,0,4	159	95
658	333,263,274,263	2629,1691,1789,1363	380,498,271,412	1660,1912,1445,1701	198	195
659	3,0,0,0	9,22,7,8	0,1,0,0	8,18,8,18	111	111
660	5,0,0,0	0,0,0,0	0,0,0,0	0,2,0,0	93	105
661	228,160,236,151	92,72,168,101	157,193,125,180	93,105,82,100	153	113
662	181,90,106,36	247,154,156,120	72,66,85,117	144,97,141,108	126	135
663	62,44,40,35	30,27,28,12	25,62,19,27	9,42,12,30	151	77
664	20,1,4,7	0,0,4,4	10,20,8,8	2,7,5,2	96	141
665	0,2,0,0	92,44,77,59	0,0,0,1	49,63,19,50	76	99
667	53,49,46,14	111,69,94,78	42,29,46,63	88,67,77,118	93	267
668	53,49,46,14	27,18,36,19	42,29,46,63	15,31,23,41	93	126
670	107,71,127,67	79,52,88,43	81,92,78,92	78,71,39,61	153	132
671	96,133,92,63	25,17,18,9	87,53,71,86	26,17,33,16	234	103
672	143,75,232,68	163,94,177,80	107,176,110,138	125,207,123,136	159	186
673	168,90,275,80	16,10,10,19	117,199,130,153	17,39,16,10	159	96
674	3,1,0,0	2,2,7,5	0,1,0,1	6,2,5,0	82	283
675	983,536,807,506	1064,603,802,601	562,677,483,651	697,779,597,749	203	219
677	68,60,94,33	107,90,112,68	50,36,44,44	60,30,49,65	136	162
678	91,67,128,54	77,63,93,46	67,61,57,67	55,41,40,27	163	136
679	249,135,216,124	2,7,0,7	173,137,117,153	3,4,5,6	211	211
680	53,31,40,35	40,21,17,20	50,58,26,35	42,44,27,31	127	101
681	63,30,56,15	65,30,44,22	29,36,20,30	29,21,19,26	186	156
683	17,16,22,7	20,6,27,7	23,18,10,26	8,11,5,5	138	124
684	17,17,25,7	20,6,27,7	29,18,15,33	8,11,5,5	161	124
687	180,130,145,133	189,147,234,140	139,171,161,130	143,203,113,208	294	237
688	167,125,193,122	249,149,208,123	139,157,104,172	145,216,138,178	237	258
690	574,396,359,305	788,625,627,560	413,437,341,362	667,724,530,568	87	120
691	1714,1114,1063,971	786,625,627,564	1197,1327,1049,1264	667,724,530,568	150	120
692	574,396,359,305	1003,698,605,589	413,437,341,362	694,749,635,759	87	150
693	574,396,355,309	1573,1082,1022,925	413,437,341,362	1184,1315,1004,1180	87	150
694	42,45,26,32	28,19,45,48	50,47,38,42	15,2,17,24	204	195
695	38,15,28,9	24,19,14,3	17,40,27,27	19,16,11,17	225	184
696	53,22,40,14	144,36,78,49	21,30,15,30	43,58,44,59	89	138
697	2369,1420,2243,1450	3199,1797,2928,2040	1421,1835,1220,1761	1789,1970,1704,2109	115	214
698	32,6,25,8	0,0,0,0	30,70,44,31	0,2,0,1	79	82
700	627,417,526,377	951,627,976,547	370,439,357,486	688,730,534,827	147	217
701	113,131,82,96	87,60,43,38	97,133,87,94	36,51,65,42	93	64
705	7,3,21,12	49,37,77,50	13,8,2,2	33,73,36,44	111	111
706	246,181,166,149	175,109,163,77	188,169,130,180	134,147,97,123	212	159
707	352,241,385,247	10,9,2,3	263,277,235,264	7,0,11,6	184	184
709	73,33,10,26	11,16,10,17	10,32,19,13	2,15,5,8	201	127
710	308,169,218,154	341,227,348,215	184,179,163,184	190,245,183,284	117	147
711	3,1,1,8	66,27,16,24	11,0,3,9	23,33,29,42	200	200
712	93,48,68,74	30,13,24,12	33,43,22,21	10,19,14,36	432	224
713	42,25,39,9	10,9,8,0	25,16,9,9	2,0,1,7	254	122
714	106,140,142,137	0,0,3,7	170,244,122,131	3,11,4,5	233	168
715	18,42,56,25	63,52,62,16	30,27,7,15	27,32,14,23	101	181
716	18,42,56,25	79,64,77,21	30,27,7,15	39,55,27,37	101	158
717	19,22,7,0	110,95,58,33	15,15,14,3	55,97,33,38	81	198
718	234,145,167,125	177,116,123,161	122,169,134,155	106,133,77,177	134	141
719	0,0,0,0	12,0,5,2	1,0,0,0	4,0,0,0	114	141
720	1,6,0,0	242,178,298,140	5,0,0,10	215,191,143,155	143	133
721	1,0,0,4	14,0,7,0	0,0,3,0	1,5,3,16	138	114
722	0,4,0,4	11,2,0,10	0,0,3,0	5,18,1,12	147	127
724	116,92,114,114	0,3,0,0	118,175,80,60	4,0,0,0	111	66
725	82,60,68,38	170,163,96,98	46,74,70,57	95,144,84,157	122	168
726	10,19,13,9	4,6,6,4	9,17,9,17	2,13,5,2	171	177
727	155,107,119,62	122,99,83,48	146,101,55,104	93,115,58,104	153	138
728	89,64,50,49	105,64,44,65	32,60,30,41	59,81,44,56	193	96
729	117,80,68,65	105,64,44,65	33,68,49,68	59,81,44,56	155	96
733	656,485,588,355	5,7,9,7	452,525,279,617	2,0,1,5	115	115
734	115,157,114,42	197,168,145,93	53,60,63,96	92,140,121,126	106	139
735	0,0,0,0	0,1,0,0	0,0,0,3	0,0,2,0	75	63
736	225,110,192,135	191,140,179,151	154,188,120,175	145,157,115,152	138	102
737	197,116,140,101	220,116,185,132	111,149,99,150	165,186,119,172	130	138
738	147,91,116,56	30,21,52,18	82,94,50,69	14,21,15,29	210	87
739	126,98,152,107	27,32,29,57	99,154,67,93	21,34,28,31	153	78
740	16,17,12,26	35,23,46,8	7,23,27,13	26,45,36,39	133	178
741	48,39,8,12	23,14,21,19	34,25,27,31	27,33,17,21	129	153
742	1242,692,835,541	63,25,27,22	532,620,488,638	30,6,25,13	120	105
743	652,482,589,291	314,160,261,160	377,402,353,426	116,111,101,148	125	125
744	24,36,42,35	33,16,13,38	27,46,46,47	17,16,25,33	253	171
747	9,2,7,2	15,5,18,7	7,25,7,18	14,28,1,9	135	95
748	6,0,0,2	5,0,0,8	18,8,1,4	5,0,6,10	585	732
749	18,30,42,10	12,13,25,13	19,26,12,25	16,14,18,10	123	87
751	207,104,121,69	87,58,66,63	97,129,84,85	62,81,39,46	132	88
752	28,13,12,5	10,4,1,3	8,16,12,0	6,12,6,5	182	127
753	4,1,5,0	1600,836,1369,855	1,5,0,0	1023,1036,827,1021	140	244
754	155,116,153,98	548,327,449,312	118,132,98,126	284,407,279,420	90	186
756	428,260,395,229	840,544,827,424	269,328,241,317	559,478,484,519	141	213
757	85,56,66,65	9,9,0,2	52,70,53,83	5,17,10,8	139	177
759	0,1,0,0	7,4,4,0	2,0,2,2	0,6,0,3	171	159
760	0,0,0,3	9,20,3,9	0,0,2,2	14,9,2,11	102	261
762	73,31,43,28	42,15,20,8	43,41,31,24	21,24,23,15	164	115
763	109,142,114,76	189,154,145,95	132,76,90,77	122,164,100,128	154	186
764	0,0,0,0	4,3,0,0	0,0,0,3	0,0,0,0	194	178
765	1862,981,1329,913	25,20,5,17	1094,1076,749,1010	30,30,18,12	1299	114
766	315,230,219,169	1129,739,951,706	246,258,154,200	724,825,670,819	87	182
767	3672,2822,3307,2005	991,615,776,532	2434,2703,2131,2410	572,836,554,681	942	735
769	59,53,56,78	18,28,18,14	30,23,22,35	28,9,10,5	227	98
770	53,32,63,49	166,79,152,81	39,32,41,46	107,72,93,132	157	329
771	13,0,12,6	14,1,2,1	8,4,0,5	4,7,3,0	254	90
772	13,0,18,6	47,20,21,8	8,4,0,5	18,28,8,20	254	94
773	40,18,11,20	58,33,64,22	12,12,8,22	42,64,30,38	94	149
775	30,39,69,29	1031,760,1034,869	38,41,36,31	624,757,576,722	162	1167
776	73,39,70,50	1030,760,1034,869	57,48,32,50	625,757,576,722	129	1167
777	118,65,22,26	34,30,21,19	49,41,16,69	32,70,25,21	174	195
778	397,281,390,250	225,151,235,147	247,239,235,250	126,188,117,161	183	123
779	51,24,15,15	50,29,24,21	32,22,38,23	15,15,28,33	156	141
780	15,7,0,0	26,21,34,19	13,8,8,10	22,36,16,11	216	103
781	30,23,46,29	55,44,98,50	29,19,29,13	49,50,43,17	123	191
782	234,133,174,70	437,299,319,210	148,184,137,116	328,396,244,298	193	261
783	73,33,79,50	189,134,158,80	34,62,42,59	142,164,144,106	124	193
785	124,59,118,57	121,84,130,99	89,103,48,81	84,127,57,93	114	120
789	140,61,125,46	112,110,88,39	96,149,80,68	64,126,45,72	273	299
791	46,9,29,11	29,23,28,33	38,50,23,50	35,22,16,57	192	150
792	313,185,231,215	234,121,220,156	237,224,187,263	206,271,177,223	130	95
793	10,12,20,14	20,9,11,7	13,17,15,6	13,5,9,7	186	171
794	176,168,231,124	4,2,0,0	139,194,139,139	0,0,0,0	133	69
795	26,44,35,10	17,28,2,9	24,79,23,42	7,31,16,21	142	131
796	2,11,8,0	91,46,47,40	13,8,3,14	54,59,36,39	153	143
797	487,358,460,277	324,207,247,131	276,336,273,257	155,232,133,171	149	107
798	853,544,692,489	324,207,247,131	398,586,484,470	155,232,133,171	173	107
799	342,228,240,191	838,529,703,436	158,163,150,223	396,547,455,447	84	173
800	0,0,0,0	0,0,0,2	2,0,8,0	0,0,4,0	214	242
801	88,66,83,61	104,80,87,70	72,48,46,56	68,33,30,54	114	105
802	15,22,9,10	0,0,1,0	23,11,4,12	2,0,2,6	164	108
804	151,64,117,65	284,136,254,202	67,97,62,91	132,184,112,184	240	190
805	130,58,133,58	275,136,251,196	84,96,59,91	130,184,112,175	158	190
806	336,234,121,153	35,9,14,8	249,209,194,114	8,11,11,12	460	90
808	15,2,9,2	174,145,89,71	15,16,14,5	97,119,90,37	147	188
809	6,3,5,0	16,12,16,10	1,12,4,0	19,19,7,7	138	283
810	57,53,64,33	52,41,29,25	45,46,34,53	33,42,15,22	118	110
811	28,32,17,10	49,41,29,25	27,20,10,22	33,46,15,22	118	110
812	50,44,37,47	59,35,51,29	27,40,40,67	44,54,12,65	144	175
813	69,39,40,44	42,35,47,33	51,64,17,55	30,53,25,59	175	182
814	40,32,34,25	38,25,23,23	23,51,18,48	24,25,17,10	182	156
815	59,36,64,32	59,40,73,20	45,60,49,36	40,30,54,64	201	227
818	420,299,342,241	77,40,98,73	99,175,90,110	149,244,168,182	120	105
825	0,0,0,0	19,9,13,1	0,5,0,0	11,7,2,1	316	142
826	176,136,118,148	551,360,406,254	130,142,136,111	405,509,365,336	92	133
828	144,147,131,79	59,29,39,31	118,126,78,108	23,55,23,31	336	119
829	164,168,143,93	59,26,39,31	124,128,93,116	24,55,23,31	336	119
830	28,24,16,24	136,89,60,72	23,64,25,22	66,76,53,74	126	219
831	97,70,72,34	92,60,95,65	45,46,43,97	31,49,42,60	179	132
833	42,49,54,25	58,75,77,70	53,60,34,36	64,65,53,75	218	218
837	1,1,3,0	23,14,19,7	2,1,9,4	5,7,9,21	120	91
838	63,47,65,30	62,35,31,27	50,36,48,19	61,28,25,42	199	192
839	772,516,893,637	375,218,474,251	673,723,467,651	314,347,283,263	182	137
841	8,4,4,0	18,10,0,5	6,5,7,10	8,3,0,1	75	105
842	19,26,25,14	14,10,1,5	21,0,9,16	4,0,0,1	128	105
843	35,43,34,28	6,0,0,0	20,6,34,28	0,0,5,7	219	75
844	36,58,38,31	6,0,0,0	27,11,50,31	0,0,5,7	220	75
845	36,58,39,28	3,0,6,1	27,11,50,31	4,12,4,0	220	75
846	51,32,85,50	1,7,4,0	55,53,37,20	0,0,2,2	1115	113
847	41,23,82,48	0,4,1,7	45,52,30,7	1,0,0,0	796	86
848	51,32,85,50	0,4,1,7	55,53,37,20	1,0,0,0	1115	86
849	912,506,805,491	962,616,918,622	578,574,469,614	615,686,529,690	129	159
850	101,46,45,32	18,9,10,8	22,44,26,54	3,15,8,10	161	88
851	0,0,0,0	4,4,0,2	1,0,0,1	7,5,6,3	136	136
852	0,3,0,0	8,12,0,0	2,0,2,1	13,4,2,14	93	145
853	45,28,25,20	705,467,531,326	24,33,29,23	411,547,373,540	122	762
854	419,199,397,253	261,152,284,146	203,276,204,261	171,145,141,215	204	161
855	27,5,8,2	14,8,15,21	19,24,9,3	11,19,21,20	110	132
856	75,56,110,63	98,139,181,102	50,63,57,54	127,105,117,143	120	154
858	6,4,12,2	15,29,37,18	1,3,6,3	10,25,39,30	90	170
860	24,6,27,5	177,81,144,112	6,18,3,15	107,134,90,93	85	129
861	117,31,96,50	118,88,161,108	63,103,36,55	91,131,81,65	78	117
862	76,81,64,71	0,0,0,3	64,97,50,53	0,2,2,5	99	125
864	0,0,0,1	4,1,3,5	2,0,0,0	12,4,14,2	163	162
866	233,131,198,164	269,128,262,207	203,187,151,247	241,267,161,234	193	199
868	25,25,24,7	37,24,62,27	15,3,10,22	26,29,19,58	186	336
869	41,35,18,3	35,24,57,26	24,26,6,8	26,29,22,58	183	336
873	193,120,184,108	218,127,259,157	133,151,110,137	125,195,111,183	130	133
874	38,84,79,14	42,34,33,23	46,31,59,53	34,27,41,44	213	174
876	62,25,34,14	37,23,28,1	15,31,19,20	4,14,12,24	169	114
877	192,106,94,124	1293,900,782,640	86,92,57,56	751,885,508,635	2919	5256
878	3,4,0,4	5,9,2,5	7,5,4,0	2,11,11,3	135	135
879	576,310,304,199	625,369,353,227	279,351,210,299	300,379,236,299	255	143
880	599,325,335,207	625,368,353,227	284,371,224,320	300,379,237,301	255	143
881	0,0,3,0	7,8,23,0	5,0,5,2	13,15,2,9	93	222
882	5,3,3,0	7,8,23,0	7,0,10,2	13,15,2,9	152	222
883	6,0,8,11	15,6,6,6	6,10,15,3	2,11,7,1	99	105
884	62,61,45,27	86,51,57,21	49,40,39,44	32,45,37,33	227	174
887	0,0,7,0	8,8,0,0	3,0,0,2	2,0,0,11	63	63
888	0,0,7,0	5,2,3,3	3,0,0,2	5,6,6,15	63	126
889	146,121,256,129	157,92,258,126	163,117,155,113	186,130,117,173	107	99
890	43,25,10,14	19,14,17,27	22,13,18,28	4,9,16,10	135	105
891	151,115,117,111	56,44,44,33	121,147,87,71	72,91,56,67	213	126
892	146,116,123,109	56,44,44,33	130,142,90,68	72,91,56,67	216	126
894	19,7,6,22	30,23,32,8	6,6,26,20	32,37,23,33	90	99
895	31,18,29,29	1,3,9,4	17,23,33,30	7,3,13,1	90	102
896	13,13,38,21	7,4,6,11	17,15,17,20	4,1,13,19	90	90
897	44,6,17,19	5,0,1,0	28,61,30,30	1,0,0,2	210	146
900	99,69,94,62	695,432,633,291	85,62,62,80	388,457,306,400	81	171
901	3,0,0,7	1,0,2,0	0,0,0,0	0,0,1,0	171	114
903	70,55,84,20	93,134,182,104	75,49,61,54	117,144,134,123	158	192
904	82,44,24,40	1,0,1,0	45,51,47,36	0,0,0,0	164	117
905	209,112,169,116	123,99,101,64	126,167,81,176	98,54,80,105	225	155
906	179,100,140,102	123,99,101,64	118,156,74,151	98,54,80,105	222	155
907	71,28,29,53	59,85,100,77	58,15,36,56	95,92,59,77	99	83
908	0,0,2,0	3,0,6,0	0,15,6,2	7,0,0,0	204	204
912	50,48,46,56	104,80,70,80	42,70,51,23	63,78,89,54	105	153
913	75,38,39,49	135,92,107,59	32,32,27,26	68,65,63,72	117	156
914	214,97,205,112	132,59,124,54	115,141,101,120	59,88,60,85	210	142
915	630,564,654,454	301,205,234,153	585,626,485,581	231,272,167,212	234	105
916	75,68,49,15	75,59,30,19	43,76,35,63	52,56,33,29	112	194
917	502,317,594,339	1164,864,1285,966	274,399,305,332	888,1145,774,1056	151	213
919	32,31,47,13	109,60,77,61	36,23,19,32	100,64,59,54	125	209
920	24,19,42,18	109,60,77,61	27,13,11,12	100,64,59,54	273	209
921	43,37,31,36	24,25,42,22	11,52,8,31	29,63,15,49	342	273
922	158,98,133,83	104,59,82,53	90,82,87,99	51,75,45,51	221	112
924	42,36,28,24	139,105,133,67	47,54,49,27	106,121,84,111	84	160
925	2,4,0,0	0,0,0,0	3,1,0,2	11,3,2,7	214	290
926	16,7,3,4	18,23,20,3	9,26,8,17	15,23,17,8	100	142
927	929,700,596,498	1639,1025,1216,797	683,791,609,646	995,1272,986,1004	146	234
928	1,3,6,5	19,12,32,12	2,14,4,2	25,29,9,12	75	123
929	50,25,56,29	52,39,49,5	53,42,20,24	21,45,8,40	164	120
930	113,45,101,91	113,59,77,30	84,78,83,94	70,102,70,63	182	165
931	1131,511,979,604	2591,1650,2504,1608	666,720,609,832	1732,1979,1370,1889	90	162
932	582,351,550,377	1318,718,1117,706	433,455,357,451	802,833,667,921	69	90
933	4,11,1,0	26,24,1,2	1,14,10,5	11,16,12,13	87	155
934	222,185,199,159	265,220,212,154	186,147,145,204	201,148,161,196	144	163
938	148,86,143,65	561,477,780,361	85,84,83,103	451,520,519,531	161	220
939	549,363,554,364	423,294,459,347	412,575,306,538	326,499,282,338	193	181
940	133,93,113,59	184,140,182,81	75,104,85,101	105,150,106,141	138	134
941	5,0,21,7	126,107,112,79	10,10,5,7	87,141,108,127	48	147
942	20,2,11,6	32,29,17,15	3,4,5,10	14,19,7,20	113	154
943	158,85,107,100	206,92,146,133	86,159,63,111	113,108,93,139	91	101
944	12558,7307,10630,6959	11904,7810,10746,7386	8169,9539,6764,9030	7861,9138,7006,9180	211	568
945	1,3,3,3	401,263,289,196	0,3,0,5	203,228,188,261	190	184
946	150,113,157,61	74,58,81,38	117,102,86,126	44,48,42,52	151	102
949	5,0,6,1	6,1,7,0	4,5,6,9	7,0,2,13	172	195
950	0,0,0,0	7,19,17,20	0,0,0,2	4,18,7,4	65	166
951	15,15,11,9	7,19,17,20	18,14,5,10	4,18,7,4	161	166
952	13,14,11,10	7,19,17,20	15,14,5,10	4,18,7,4	186	166
953	7,5,0,7	22,9,7,7	7,0,2,3	2,0,17,3	110	117
954	20,9,0,3	0,9,0,0	2,0,8,2	0,12,3,4	117	83
955	8,6,7,0	11,8,0,0	1,0,11,1	4,7,0,0	83	94
959	16,5,21,24	77,27,68,37	17,12,24,32	34,58,52,60	95	123
964	55,28,12,17	74,33,43,46	28,23,23,11	32,27,15,21	188	151
966	7,0,5,1	20,0,9,0	0,0,1,0	1,14,2,2	172	224
976	105,58,78,40	0,0,0,0	70,56,28,53	0,0,0,3	135	54
977	169,88,129,61	0,0,0,0	103,93,84,100	0,0,0,3	192	54
978	212,103,161,64	0,0,0,0	129,138,104,117	0,0,0,3	222	54
979	35,19,32,32	67,18,57,58	31,21,13,16	46,90,57,63	130	183
980	47,40,30,15	80,50,39,20	31,18,23,15	27,7,8,15	120	181
983	199,87,123,80	28,10,25,5	87,132,92,133	14,33,23,17	234	104
985	139,89,151,51	47,8,26,20	74,97,36,89	24,38,11,25	261	111
986	17,11,17,4	5,0,3,1	9,7,6,0	1,0,4,0	124	130
987	332,212,288,154	279,223,195,156	208,196,139,204	177,209,166,185	121	129
988	372,280,260,203	61,69,62,40	237,395,213,204	37,55,62,43	1329	266
989	791,632,716,507	3420,2142,2795,1982	453,679,444,536	2163,2558,1992,2177	99	264
990	2213,1686,2202,1371	1365,1056,1268,767	1411,1653,1200,1523	915,1082,759,939	205	136
991	160,103,141,122	437,308,437,269	82,70,78,74	302,321,247,311	100	210
993	1252,718,1191,836	1111,769,1222,739	722,1103,712,856	722,966,624,803	157	151
994	9,12,10,4	0,0,0,0	12,5,6,2	0,0,0,4	93	75
996	2,1,0,0	50,23,17,5	7,13,10,2	35,2,13,33	187	184
998	363,336,428,267	112,71,75,50	304,364,265,267	53,107,73,88	159	69
999	54,57,87,22	381,331,475,298	29,33,30,48	301,370,289,251	62	159
1000	1136,692,986,702	942,597,826,493	694,653,563,761	513,573,483,578	161	139
1001	39,33,22,33	36,45,24,31	22,59,20,30	52,58,26,30	111	127
1002	16,31,25,16	18,11,10,23	23,24,22,27	31,25,12,26	169	119
1003	35,17,31,35	47,45,46,42	38,49,21,42	55,43,36,46	274	289
1004	35,17,31,35	29,26,30,27	38,49,21,42	24,24,19,25	274	156
1005	176,97,132,92	38,40,39,29	135,137,88,114	39,46,28,25	799	200
1006	89,33,35,26	115,73,84,35	34,44,24,49	56,83,62,93	122	198
1007	0,0,0,0	3,4,0,3	1,0,0,0	7,5,8,9	113	103
1008	4862,3130,4950,3338	2852,1853,2752,1893	3512,4124,3050,3946	2331,2567,1637,2210	145	156
1009	57,15,67,54	226,169,247,114	32,51,16,33	159,194,141,143	102	252
1010	8,1,13,4	1,0,0,0	1,9,10,6	0,0,0,2	174	174
1011	147,95,117,65	77,26,52,28	77,87,66,100	62,33,33,47	236	141
1012	10,1,24,4	40,24,41,9	13,7,2,0	12,27,17,17	78	150
1014	287,179,257,143	242,192,257,171	199,210,197,217	196,262,195,199	155	124
1016	289,250,315,210	75,48,58,66	230,259,183,173	66,64,48,54	231	93
1017	320,174,315,231	540,302,561,373	277,308,204,220	364,568,348,473	135	195
1018	54,26,22,7	104,84,79,65	18,17,26,14	107,89,80,69	116	277
1019	73,30,67,50	42,32,71,29	32,45,43,37	24,25,25,45	138	117
1020	24,25,35,26	62,51,48,49	34,21,12,23	32,54,33,37	83	119
1021	32,7,34,0	82,63,60,41	17,29,17,15	27,67,41,47	106	125
1025	18,8,17,14	13,8,36,22	20,7,17,17	4,32,17,10	315	315
1028	15,29,50,20	54,49,46,28	28,16,15,36	25,22,14,28	174	199
1029	87,67,85,61	72,41,52,34	75,84,42,80	33,39,29,25	148	114
1032	173,119,118,79	140,93,91,62	123,115,109,122	88,83,70,114	152	148
1033	59,22,16,25	43,23,12,21	40,10,18,34	18,20,20,16	163	115
1034	4,11,6,21	23,19,16,12	11,22,19,16	17,27,23,9	110	110
1035	18,13,2,8	10,10,6,8	15,25,8,12	18,11,2,4	158	178
1037	100,82,55,35	371,221,213,153	70,33,51,54	209,232,198,219	88	143
1038	32,13,20,11	371,221,213,153	17,14,22,14	209,232,198,219	82	143
1039	65,41,41,32	79,32,28,33	39,48,25,43	23,36,25,9	129	123
1041	2,4,2,0	10,0,3,5	5,5,4,1	5,6,0,16	69	85
1042	8,0,4,8	4,2,0,6	4,1,0,1	3,0,2,0	75	69
1046	2,0,3,0	183,102,85,95	1,0,4,0	73,103,77,85	93	99
1047	89,46,75,40	154,93,99,48	53,73,41,73	87,103,89,104	101	124
1048	70,56,30,47	69,50,59,64	68,59,48,68	46,64,45,49	112	101
1049	70,56,30,47	0,2,5,2	68,59,48,68	2,0,0,0	112	67
1050	67,30,33,20	26,13,22,24	42,54,26,38	17,34,12,29	133	97
1051	149,94,110,92	50,73,69,42	73,116,74,110	58,52,38,48	153	153
1052	125,85,94,106	284,146,223,139	80,84,56,94	155,179,154,125	154	168
1053	71,35,48,38	284,146,223,139	49,40,30,48	155,179,154,125	123	168
1054	71,35,48,38	285,151,223,139	49,40,30,48	157,179,159,126	123	196
1055	125,85,94,106	285,151,223,139	80,84,56,94	157,179,159,126	154	196
1056	298,221,352,189	112,124,144,114	199,243,247,245	100,106,89,145	228	111
1057	16,0,4,7	66,47,50,14	3,14,1,4	44,31,28,23	153	153
1058	16,0,4,4	52,48,45,20	3,12,1,4	39,29,19,23	153	153
1059	98,39,69,33	102,46,60,27	34,71,36,42	30,64,45,60	174	213
1060	76,32,52,25	102,46,60,27	29,51,31,33	30,64,45,60	171	213
1061	69,21,81,66	94,43,44,39	52,32,38,56	43,59,42,46	237	213
1062	74,40,47,68	0,1,0,0	36,61,45,30	0,0,0,2	167	63
1063	205,143,166,105	61,35,37,9	146,122,125,162	28,41,26,63	327	129
1064	120,67,55,53	195,98,56,73	42,90,51,115	126,139,84,132	204	195
1069	146,133,172,125	29,35,40,35	119,115,100,110	39,43,27,32	180	97
1070	133,45,58,36	198,123,171,138	59,76,59,75	133,225,155,182	134	227
1071	58,37,55,22	72,47,118,36	17,13,9,16	31,48,33,52	117	153
1072	104,35,103,47	67,52,57,32	37,62,25,39	22,13,13,15	148	117
1073	5,6,0,2	20,7,1,4	0,0,0,3	3,5,4,17	75	134
1074	6,7,12,5	14,6,20,7	7,10,18,10	3,11,8,3	123	83
1076	111,108,83,49	96,73,95,38	71,64,67,78	58,71,82,71	208	162
1077	569,508,376,350	275,259,206,228	476,586,451,478	309,381,283,329	140	111
1078	222,267,190,211	388,336,210,273	252,293,205,269	335,381,254,280	111	79
1079	46,9,29,11	36,14,19,14	26,17,23,26	14,44,19,19	168	168
1081	29,26,22,24	29,10,18,21	33,44,8,30	12,32,8,25	159	147
1082	301,194,309,225	688,380,622,375	194,171,162,169	402,471,390,457	106	146
1083	527,336,468,284	753,494,761,455	294,365,325,404	504,577,380,600	146	161
1084	337,244,153,90	245,148,113,70	115,107,105,110	73,75,76,63	204	184
1088	29,15,26,16	61,61,38,26	39,47,30,37	79,35,17,28	137	137
1089	37,35,60,59	95,86,97,82	35,51,42,36	84,91,70,78	83	461
1090	37,35,60,59	161,154,173,136	35,51,42,36	135,183,119,129	83	144
1091	81,63,93,87	108,89,88,95	102,82,62,92	109,120,54,98	91	83
1092	376,232,386,217	202,168,201,157	220,268,229,272	127,104,160,144	221	135
1093	488,283,355,277	383,202,381,221	255,384,187,275	218,280,249,273	260	221
1094	127,113,104,47	106,84,106,46	64,66,58,84	56,58,47,83	196	141
1095	19,8,2,2	0,4,0,0	10,31,5,10	1,0,0,0	153	72
1098	36,38,18,9	117,95,49,88	14,5,17,11	41,36,35,90	63	138
1099	61,73,38,53	133,69,74,49	31,44,34,47	44,73,66,54	184	142
1100	93,97,49,83	163,93,117,76	49,53,56,79	114,64,74,130	136	200
1101	93,97,49,83	133,69,74,49	52,55,54,79	44,73,66,54	136	142
1102	91,32,39,44	30,20,14,19	34,54,59,43	27,31,29,17	142	79
1103	98,54,84,68	30,20,14,19	42,90,82,69	30,33,29,17	142	79
1104	294,234,307,156	138,121,138,79	243,257,156,164	84,119,88,120	141	113
1105	65,42,58,33	2908,2159,1998,1002	26,11,37,44	1745,2047,1448,1802	116	3354
1106	2,11,6,0	17,5,7,19	2,2,3,7	6,12,2,17	125	217
1107	148,113,139,62	79,60,77,34	81,78,70,93	46,34,29,43	180	129
1108	73,21,63,50	2,5,5,3	30,28,21,24	4,2,8,4	177	174
1109	560,384,551,329	843,550,743,485	295,494,412,405	442,595,512,519	115	133
1110	0,5,14,0	0,9,2,0	2,5,6,1	4,2,7,3	78	100
1111	357,263,298,304	139,162,122,132	327,412,283,378	130,157,132,130	216	105
1112	12,2,5,8	4,0,1,3	11,4,5,12	0,0,0,0	242	133
1113	0,1,0,0	14,2,5,9	2,1,5,0	12,3,5,12	144	242
1116	56,32,106,35	55,35,105,46	64,56,53,80	62,65,45,40	131	141
1120	67,61,29,48	140,72,97,76	52,49,29,43	77,102,35,45	159	233
1121	26,10,17,14	6,7,3,0	8,7,22,4	1,4,0,0	96	62
1122	477,268,383,330	153,127,169,94	288,277,245,366	118,102,106,81	348	162
1123	3,7,2,11	15,20,12,13	0,6,3,0	23,15,17,16	167	155
1124	1,3,4,2	26,11,19,12	4,0,0,0	55,27,17,36	163	113
1125	33,25,21,17	161,97,64,31	23,27,14,9	68,65,50,35	82	138
1126	77,52,41,29	24,40,14,16	25,26,27,9	8,26,12,10	219	95
1127	26,25,34,27	16,6,39,4	35,23,19,33	12,8,13,24	144	106
1128	26,25,34,27	26,16,47,8	35,24,22,34	14,14,16,30	144	106
1129	26,25,34,27	14,6,33,4	35,26,19,33	13,6,13,21	144	106
1130	26,25,34,27	75,43,66,44	35,26,19,33	35,66,52,57	144	143
1131	14,6,33,4	75,43,66,44	13,6,13,21	35,66,52,57	106	143
1132	34,28,57,16	1,0,0,0	22,10,17,31	1,0,1,0	106	78
1133	22,18,43,12	73,43,66,44	21,2,14,22	35,57,55,58	106	143
1134	41,29,38,27	90,73,50,58	20,30,40,50	47,114,65,69	143	161
1135	53,39,52,31	90,73,50,58	22,37,40,58	48,111,65,69	143	161
1136	117,73,65,67	20,17,17,6	45,134,78,76	6,20,11,18	161	87
1137	8,15,11,4	33,14,13,14	10,10,13,24	19,32,21,6	201	99
1138	29,28,5,13	23,21,2,11	27,25,20,33	21,41,11,16	241	225
1139	80,56,48,32	0,0,0,0	45,70,44,105	0,7,0,0	265	78
1140	82,60,43,44	0,0,1,0	44,79,46,111	0,7,0,6	265	78
1141	15,14,22,10	560,485,491,324	17,16,9,12	285,250,257,366	90	340
1157	363,209,191,164	260,183,183,109	217,283,217,262	178,232,175,227	182	156
1159	1433,738,1211,627	574,339,568,281	794,814,743,895	431,390,351,367	219	244
1160	20,12,4,0	20,0,0,0	1,6,11,29	0,10,6,0	186	207
1161	27,6,0,5	1431,853,1095,679	4,0,6,2	869,1047,754,879	93	603
1162	13,8,0,5	1401,827,1046,657	4,3,8,7	846,1015,730,850	93	603
1163	1350,806,1019,631	153,107,137,77	821,983,716,824	101,81,89,114	603	162
1164	335,135,192,127	624,399,510,393	170,185,126,201	361,390,293,477	80	189
1165	86,79,99,95	597,389,500,386	67,77,66,121	353,377,292,462	77	189
1166	86,79,99,95	160,54,81,44	67,77,66,121	101,73,71,92	77	80
1167	58,29,59,52	77,52,137,71	43,26,38,29	92,129,79,124	142	222
1168	48,35,30,44	115,41,86,97	37,37,34,22	89,72,74,39	144	174
1169	214,124,181,97	145,63,116,55	129,150,146,170	101,99,90,128	171	140
1170	139,79,143,84	145,63,116,55	96,120,110,131	101,99,90,128	252	140
1172	69,44,42,11	31,25,27,22	33,31,23,38	28,27,12,25	140	158
1173	16,8,0,0	20,29,0,3	1,0,5,3	14,19,8,4	93	110
1176	296,199,228,122	528,355,467,339	172,247,121,205	296,435,283,376	192	252
1177	30,34,38,25	144,115,155,113	27,34,26,14	90,180,105,117	107	239
1178	82,51,64,43	70,40,67,31	51,30,41,26	32,35,26,67	151	136
1179	3,3,16,7	3,0,4,0	12,8,8,0	0,2,0,0	293	70
1180	115,39,85,74	25,25,68,26	63,49,78,69	13,16,18,20	460	224
1181	5,0,7,3	0,0,0,0	0,0,4,0	0,0,0,4	102	61
1184	31,36,23,12	30,4,27,10	46,44,12,39	5,5,7,8	122	122
1185	1,0,0,3	0,0,0,0	2,3,4,0	0,0,0,4	182	105
1186	72,33,37,24	19,9,7,4	22,58,47,46	19,6,9,14	244	104
1187	12,27,62,21	13,12,21,13	18,15,19,22	9,10,13,6	243	93
1188	12,26,53,31	13,12,21,13	15,13,12,19	9,10,13,6	240	93
1190	462,328,286,233	1044,669,613,550	301,516,276,368	756,878,648,713	172	208
1193	15,6,9,11	252,195,151,131	9,0,3,1	193,164,145,162	187	193
1194	40,41,20,19	77,47,32,31	50,26,30,35	60,35,29,25	144	132
1195	12,2,5,4	10,2,15,13	11,0,12,13	8,15,10,17	136	158
1197	59,14,23,18	72,39,11,24	26,46,30,38	32,24,20,14	142	171
1199	95,72,111,57	81,39,63,60	48,44,54,49	60,43,52,65	135	108
1200	0,0,1,0	114,61,120,84	8,0,5,4	86,78,86,100	168	99
1201	39,14,21,29	88,54,99,70	25,47,20,16	115,91,66,139	70	111
1203	0,0,3,0	1,0,0,0	0,0,0,4	1,7,0,1	66	81
1204	0,1,2,0	137,89,108,52	0,0,0,4	74,96,39,70	62	203
1205	349,176,272,162	7647,4529,7889,4978	157,157,184,214	5638,6679,5426,6961	206	206
1208	66,42,49,52	148,100,108,66	68,64,41,68	61,76,52,85	165	213
1209	296,158,214,117	486,276,378,259	157,158,126,157	261,361,279,305	275	266
1210	260,103,192,158	483,221,368,281	164,156,128,136	270,300,219,288	107	104
1211	570,396,557,374	426,382,498,317	385,405,347,353	266,303,280,285	159	114
1212	712,496,616,405	733,487,755,480	400,409,368,438	513,560,423,495	162	159
1215	170,132,116,115	82,75,92,43	101,86,89,103	45,54,70,57	101	84
1216	4,8,10,11	357,189,255,206	19,14,13,2	232,300,221,224	177	210
1217	29,15,32,8	30,20,19,11	5,8,22,20	11,21,17,29	217	182
1218	46,61,44,34	47,38,28,17	45,109,47,61	24,22,15,17	239	151
1219	44,41,80,31	47,41,36,23	51,59,34,35	20,30,26,37	157	93
1220	18,11,7,13	79,96,101,21	7,6,9,4	30,26,30,61	181	305
1221	470,314,334,252	274,237,293,113	285,324,185,271	177,184,121,177	159	138
1222	45,21,42,25	16,24,22,5	30,47,10,32	15,38,5,22	222	222
1224	111,78,83,40	267,209,214,199	83,74,64,86	117,242,196,137	145	247
1225	718,415,655,449	653,376,509,348	401,495,365,354	363,355,310,323	359	289
1226	620,347,553,367	653,376,509,348	338,397,287,302	363,355,310,323	292	289
1227	11,3,12,0	20,15,15,8	9,2,0,4	22,24,13,3	183	156
1228	12,11,0,0	7,0,1,0	2,6,1,1	0,4,0,0	88	144
1229	102,83,126,124	88,33,74,56	104,123,82,140	31,57,43,83	129	105
1230	15,16,17,8	0,6,18,4	4,15,4,6	3,0,2,8	164	72
1231	57,34,17,7	0,0,0,0	32,16,14,19	0,0,0,1	279	102
1232	23,24,23,18	122,47,67,75	16,31,15,22	76,70,63,78	87	161
1233	191,111,112,96	434,201,258,186	124,96,107,101	237,187,226,247	129	207
1235	29,16,6,9	31,8,17,2	12,17,2,12	17,15,7,12	153	146
1237	3,9,7,0	37,18,9,10	0,0,0,0	33,12,18,11	97	152
1239	3,2,6,3	7,0,13,6	11,7,4,2	8,17,17,4	63	108
1240	251,132,376,253	162,87,374,236	362,371,274,283	258,331,199,271	121	115
1241	51,98,79,24	75,86,49,67	73,59,47,58	65,70,56,44	111	133
1242	339,122,292,120	189,90,212,84	171,175,143,145	89,165,128,134	108	106
1243	10,1,5,8	2,2,3,0	3,0,1,7	4,6,0,7	108	122
1244	4,3,8,0	2,2,3,0	4,0,3,0	3,12,0,7	85	122
1245	63,37,69,35	152,114,148,89	14,13,16,11	92,87,93,126	130	142
1246	22,5,13,13	648,369,746,445	13,20,7,2	539,636,494,564	113	1543
1247	122,85,82,64	1068,661,973,654	75,70,70,71	573,942,585,690	106	106
1248	79,50,53,51	524,316,460,363	51,53,33,53	293,444,281,307	106	106
1249	1091,578,933,519	45,35,30,33	533,896,552,649	47,45,16,27	127	106
1250	5,2,6,2	32,17,7,8	7,9,3,8	22,25,6,10	112	167
1252	0,4,9,5	5,2,5,5	7,2,0,0	7,3,2,0	110	147
1253	21,11,9,1	68,16,19,16	15,19,7,18	11,15,24,27	118	167
1254	40,19,19,1	68,16,19,16	19,26,11,23	11,15,24,27	123	167
1255	72,46,40,25	99,62,58,50	23,35,10,28	36,29,28,54	123	185
1256	327,274,339,319	212,141,190,175	337,369,250,297	190,233,110,168	144	99
1257	978,602,725,554	851,508,657,389	540,590,472,667	449,553,406,572	152	121
1258	69,32,28,16	164,67,83,67	24,29,16,5	76,79,77,71	100	190
1259	578,247,456,258	8005,4784,6620,4484	371,444,365,415	5108,5926,4534,5602	253	212
1261	197,170,294,168	196,119,187,106	199,199,106,139	124,126,91,136	165	141
1262	151,35,63,38	22,21,43,20	74,77,76,100	18,29,19,21	328	117
1263	53,26,56,10	149,49,69,38	33,39,28,29	80,80,70,106	153	328
1264	46,31,81,40	179,79,134,103	30,52,22,33	166,228,75,160	106	330
1265	159,112,90,66	500,336,181,178	101,104,66,119	311,384,277,311	168	352
1266	759,670,809,517	137,88,121,60	649,655,513,555	69,92,68,68	1194	161
1267	43,38,44,24	132,98,93,78	48,44,44,52	88,93,107,104	143	98
1268	338,193,237,136	1019,657,734,560	215,224,179,170	677,750,542,674	167	286
1274	19,11,6,3	1,0,5,0	24,16,1,14	0,0,0,0	319	202
1275	5,0,0,3	1,0,5,0	8,7,0,10	0,0,0,0	186	202
1277	4,1,1,0	4,3,8,2	0,2,3,1	6,3,7,0	110	147
1278	46,31,20,10	48,33,20,16	32,46,13,55	20,53,22,47	104	108
1279	1665,941,1384,849	1723,1046,1598,936	955,977,828,1109	1042,1069,871,1176	132	81
1280	33,11,11,34	193,121,109,82	11,13,12,15	90,109,102,137	72	161
1281	159,89,82,78	56,43,24,35	83,120,61,70	34,21,28,53	207	129
1283	268,175,217,109	219,154,220,133	137,179,106,169	142,137,128,154	144	141
1285	122,71,112,47	116,111,71,53	98,82,32,90	93,68,46,103	134	137
1288	9,0,3,0	2,2,3,0	2,0,7,0	0,0,0,0	109	74
1290	178,123,109,93	328,206,219,168	132,180,98,120	180,177,134,187	162	208
1291	296,237,217,151	147,117,135,77	159,187,161,137	115,139,87,116	244	137
1292	3467,2151,3276,1960	6995,4962,8221,5093	2596,2849,2120,2506	4952,5329,4526,5161	105	141
1293	4368,3640,5719,3675	4437,3130,4825,3176	3322,3925,3198,3643	3649,4145,2830,3624	112	105
1296	200,106,151,86	176,119,132,71	72,130,57,117	87,120,55,76	252	239
1297	48,47,65,36	192,116,154,82	50,65,23,36	81,106,57,112	116	252
1298	37,11,36,15	55,44,57,34	8,21,16,21	32,70,17,35	95	116
1299	82,22,51,32	29,7,9,18	32,35,20,31	17,8,5,17	135	72
1300	0,0,2,0	2,0,0,1	8,0,2,0	0,0,0,0	142	135
1302	887,464,686,497	794,446,626,423	467,576,441,373	400,677,345,378	227	219
1303	33,9,18,8	0,0,0,0	14,11,11,11	0,12,3,0	117	177
1304	44,30,19,27	10,17,7,9	42,38,37,32	12,11,11,20	140	75
1305	148,132,125,100	9,32,7,0	98,144,87,78	10,8,9,19	180	62
1306	258,197,277,265	197,127,207,207	211,231,171,254	189,171,125,156	141	96
1307	43,33,74,24	59,15,37,24	27,27,22,25	31,34,9,19	157	138
1308	110,83,173,121	165,131,231,135	114,134,94,86	114,207,91,165	150	195
1309	127,96,192,101	110,92,191,51	90,162,74,119	67,107,91,104	195	150
1310	162,105,221,142	110,93,198,51	113,177,91,150	68,117,92,105	195	150
1311	134,97,34,52	51,53,12,51	50,68,28,57	29,16,23,29	213	142
1312	12,0,7,22	59,39,84,27	0,0,7,15	79,82,37,44	102	693
1313	0,8,0,6	0,0,6,3	5,0,4,3	0,0,0,0	81	117
1314	32,23,8,19	29,14,16,24	11,21,20,30	33,22,12,18	138	128
1316	39,44,44,12	59,21,36,51	22,23,22,19	20,45,37,31	94	85
1317	239,172,293,206	810,514,851,584	200,226,167,235	589,689,487,727	111	240
1319	1248,857,1331,717	1044,680,1071,665	823,976,806,1011	722,841,676,737	190	173
1320	1248,857,1331,717	949,574,914,536	821,971,806,1004	672,744,579,625	190	173
1321	439,261,548,242	1189,788,1265,696	327,392,290,327	806,857,725,969	102	190
1322	456,298,526,377	1187,788,1265,696	357,392,297,389	803,857,726,973	117	190
1323	125,144,73,46	64,67,44,25	99,110,65,75	56,59,30,38	159	100
1324	82,44,107,49	272,254,408,190	39,59,48,34	231,144,186,247	225	457
1330	26,16,24,10	1558,827,1025,621	34,28,18,44	1030,1177,760,1042	169	5566
1331	33,8,9,8	315,196,193,238	7,7,2,6	223,232,254,199	165	686
1332	66,30,46,21	51,24,32,22	32,59,55,34	38,43,37,37	134	135
1333	90,74,113,86	82,51,73,69	93,95,68,65	62,67,41,83	129	90
1334	2,0,0,3	35,15,11,6	5,0,5,5	19,19,6,38	80	155
1335	353,209,218,213	224,168,150,149	225,252,209,211	134,205,140,140	141	151
1336	51,20,42,29	34,21,7,21	28,35,23,39	41,28,24,30	125	114
1337	117,65,82,62	200,121,118,92	78,128,62,70	100,142,126,119	152	151
1339	4,2,4,0	7,6,6,14	0,0,0,0	3,0,6,4	116	65
1340	12,14,7,9	139,104,104,113	8,18,13,7	77,105,76,103	92	191
1341	82,64,31,35	175,125,98,51	25,33,20,30	72,68,66,95	96	142
1343	657,354,530,274	61,31,68,44	288,438,276,410	37,49,34,49	192	52
1344	41,24,34,27	45,26,58,28	21,56,29,39	42,55,41,26	117	156
1345	88,50,68,18	50,27,45,24	53,123,46,57	20,28,28,45	245	117
1346	203,125,149,124	426,222,243,243	148,99,122,143	355,324,234,349	126	189
1347	241,179,194,146	360,276,303,201	163,224,159,187	312,342,275,290	128	146
1349	151,115,140,86	37,68,38,88	78,101,63,47	39,26,46,42	202	134
1350	11,7,4,6	18,7,13,3	7,6,7,17	4,7,12,0	266	129
1351	24,5,13,19	10,6,26,2	12,13,9,5	15,2,9,16	174	302
1352	210,144,169,60	125,90,104,72	101,66,64,74	82,46,45,64	139	96
1355	1,2,5,0	0,0,13,0	0,0,0,0	0,0,8,0	231	234
1356	118,93,68,86	101,56,53,34	80,148,55,80	61,70,58,86	218	189
1357	120,72,73,86	101,56,53,34	75,124,62,71	61,70,58,86	205	189
1358	4621,2688,4435,2572	6261,3416,5819,3490	2800,3092,2337,3287	3834,4374,3136,4437	134	174
1359	67,73,72,33	469,445,582,401	55,49,66,34	382,346,343,411	65	253
1361	3,0,5,0	5,1,1,0	5,4,0,0	3,7,0,0	117	308
1362	111,87,86,72	375,267,469,277	64,73,69,85	341,342,253,314	98	122
1363	265,243,413,215	373,267,469,273	246,235,233,255	335,342,253,314	98	122
1364	591,445,838,463	76,32,42,31	518,548,361,472	169,154,116,101	115	115
1365	65,37,42,43	33,47,48,36	66,23,26,41	34,36,30,41	178	188
1369	12,3,4,7	9,8,17,13	2,12,4,8	13,30,12,7	129	164
