ID	IJC_SAMPLE_1	SJC_SAMPLE_1	IJC_SAMPLE_2	SJC_SAMPLE_2	IncFormLen	SkipFormLen
4	40,17,32,18	5,1,0,0	11,6,7,33	1,3,1,0	55	39
5	0,0,6,3	0,0,0,0	0,21,2,5	0,2,0,0	48	39
6	0,4,0,7	0,0,5,2	4,1,0,1	0,0,0,0	114	39
13	6,7,0,0	6,0,1,4	0,0,0,5	1,0,0,0	42	39
15	4,0,0,0	11,0,2,0	0,0,0,0	2,10,9,2	49	39
16	2,0,0,0	0,6,1,2	3,0,2,0	3,7,2,5	112	39
18	4733,2421,3281,2214	0,1,0,0	2434,2896,2171,2913	0,0,0,0	52	39
27	0,0,0,1	0,0,0,0	0,0,0,0	0,0,1,0	172	39
28	2,0,0,0	18,19,11,0	0,3,3,3	17,2,6,28	43	39
30	4,0,6,0	30,14,13,3	0,0,2,0	16,8,18,7	46	39
33	0,0,0,0	3,8,2,1	0,3,0,0	13,8,5,7	71	39
34	28,14,11,5	1,2,0,0	10,6,3,20	0,0,0,4	60	39
35	3,0,3,1	9,7,7,17	6,0,0,2	4,13,9,15	247	39
37	16,0,5,10	102,70,89,46	0,0,0,8	64,70,36,86	45	39
38	5,0,2,0	7,22,15,12	1,0,0,5	12,11,14,2	118	39
39	0,3,0,0	29,19,15,8	2,0,2,1	14,9,15,13	50	39
40	14,14,1,23	132,69,117,39	1,22,7,4	74,59,61,72	234	39
44	7,4,4,0	5,2,16,7	5,7,12,10	2,8,4,0	147	39
46	29,20,18,13	4,5,1,3	12,24,20,24	7,11,4,7	178	39
50	7,7,16,11	1,0,0,0	5,8,13,8	0,0,0,0	76	39
51	61,32,48,19	0,0,4,0	27,38,17,30	0,2,0,0	78	39
57	41,22,10,0	48,25,21,18	21,29,17,30	19,37,16,36	202	39
60	3,0,2,8	37,18,53,19	3,4,0,2	38,37,34,27	118	39
61	39,17,4,12	13,2,1,5	36,42,45,27	2,0,5,2	268	39
63	148,155,37,48	12,3,0,0	91,99,42,67	7,2,11,5	559	39
64	43,24,13,28	4,2,0,0	5,24,21,28	0,0,6,5	149	39
68	44,25,40,46	0,0,0,0	20,19,18,45	0,0,1,0	57	39
69	12,2,7,9	3,5,13,0	10,17,9,20	12,4,3,9	45	39
70	5,2,0,0	0,4,0,2	6,2,3,0	4,7,0,0	55	39
71	4,0,1,0	12,9,7,10	0,0,0,0	2,0,0,16	147	39
73	10,16,5,3	16,14,25,25	18,5,5,0	12,22,9,27	113	39
74	0,0,5,0	26,31,44,36	0,0,0,0	47,25,23,37	58	39
75	7,0,10,10	5,6,11,5	1,0,6,2	7,7,1,8	69	39
76	4,0,4,0	20,14,16,5	0,0,1,0	16,17,18,25	75	39
77	0,2,0,3	0,1,0,0	3,0,0,2	0,6,3,0	72	39
78	0,0,0,3	13,1,46,5	4,0,0,0	4,26,4,11	61	39
84	0,1,0,0	37,15,19,4	0,0,0,0	8,17,11,18	139	39
85	15,24,7,19	36,23,31,18	7,8,10,7	39,42,15,22	144	39
86	323,409,486,342	8,0,9,5	288,335,288,353	0,7,1,4	84	39
88	332,196,172,148	1,0,0,0	166,198,106,122	0,0,0,0	702	39
90	9,0,6,0	4,2,0,2	0,0,1,1	3,0,0,3	47	39
91	7,4,0,0	17,3,17,1	1,0,0,1	15,5,13,8	48	39
94	145,134,130,64	169,113,115,78	99,92,81,105	128,150,95,96	137	39
96	0,0,0,1	0,4,1,7	4,0,0,3	4,7,3,6	54	39
101	39,57,58,31	14,4,6,2	43,62,43,55	0,0,2,0	189	39
103	2,0,7,0	49,25,33,40	0,7,0,0	18,52,9,38	80	39
104	0,0,0,4	38,38,35,28	2,0,0,0	33,46,29,36	68	39
106	5,6,0,11	54,17,28,11	7,0,6,0	12,14,19,12	60	39
108	68,34,38,6	38,21,23,41	33,30,28,25	39,37,29,67	611	39
109	185,93,144,60	0,0,2,0	89,110,89,98	0,0,0,2	649	39
110	155,80,129,95	0,0,2,0	95,117,90,140	0,0,0,2	77	39
111	117,59,106,54	4,0,0,0	59,91,61,73	0,0,3,5	77	39
116	71,57,53,18	0,0,0,0	47,57,44,46	0,0,1,0	75	39
117	0,2,2,0	16,15,23,11	0,5,0,7	18,31,5,11	44	39
118	0,4,0,0	16,24,15,10	7,0,2,0	21,59,16,23	119	39
119	56,60,53,82	2,0,0,9	82,101,40,66	0,0,0,0	114	39
120	18,2,11,1	1,0,0,0	4,0,1,5	0,0,0,0	89	39
121	140,167,100,58	565,388,571,368	105,161,61,90	318,327,249,414	435	39
124	2624,1570,2804,1499	1,0,0,0	1793,1960,1317,1828	3,0,0,0	176	39
126	57,35,34,13	2,0,0,3	17,33,29,8	0,3,0,0	321	39
127	9,23,4,25	28,6,11,7	12,9,7,20	14,0,2,7	798	39
130	0,0,0,0	1,2,0,0	0,0,2,0	4,0,0,8	54	39
131	81,26,40,53	21,2,19,14	30,45,47,27	8,5,5,10	42	39
132	557,385,476,205	1,7,0,0	580,596,457,389	0,3,0,0	1339	39
133	57,39,71,26	368,268,372,205	52,57,41,48	257,327,204,250	44	39
134	577,282,562,383	26,13,13,9	332,339,319,359	14,5,7,12	75	39
136	254,201,339,197	20,8,13,11	273,222,181,206	5,3,5,5	115	39
137	17,19,24,7	0,1,0,0	13,4,5,14	3,0,0,0	54	39
140	35,20,21,22	17,3,8,18	14,11,33,14	17,3,5,12	104	39
144	245,139,229,121	0,0,0,0	202,163,121,121	1,0,0,0	1369	39
145	519,282,272,184	36,22,11,9	255,278,206,202	13,17,6,13	128	39
146	4,0,3,0	0,0,7,0	0,0,0,4	0,2,3,0	203	39
148	41,37,29,12	0,0,1,0	18,35,36,36	0,0,0,1	46	39
153	0,0,0,0	27,12,14,13	0,0,1,0	5,14,6,14	43	39
154	1,8,3,0	11,14,23,28	2,0,3,4	14,15,10,7	46	39
155	28,20,17,13	11,14,23,28	7,14,8,18	14,15,10,7	42	39
156	2,7,2,0	26,20,7,10	0,19,7,1	11,5,10,10	51	39
157	27,27,17,10	5,5,6,3	19,36,23,29	10,12,2,4	66	39
159	46,37,109,83	0,0,0,0	53,73,49,65	0,0,1,7	107	39
163	8,5,5,0	2,13,11,3	2,0,4,3	5,6,8,0	51	39
164	13,10,6,13	45,54,60,20	4,9,6,12	41,50,24,49	108	39
168	33,18,26,9	93,45,80,36	14,13,23,9	42,63,56,68	54	39
169	142,70,105,71	15,6,10,10	95,127,54,77	4,14,6,13	54	39
171	186,67,69,56	7,3,9,0	72,70,65,102	2,7,1,0	156	39
173	30,6,12,20	0,0,0,0	16,6,14,8	0,0,1,0	151	39
175	0,0,3,0	58,22,32,11	2,0,0,0	33,25,16,28	50	39
177	2,0,0,0	3,2,2,14	2,0,3,2	5,7,4,14	43	39
181	0,2,0,0	4,10,8,0	1,0,2,0	1,0,0,1	93	39
182	41,18,29,28	86,55,45,34	17,34,35,20	45,32,38,36	488	39
184	2,2,0,0	27,23,24,13	0,0,0,4	14,29,9,2	64	39
188	4,8,3,0	0,0,0,0	2,6,0,6	0,0,3,0	70	39
190	74,42,28,9	0,5,0,0	33,56,14,28	0,0,2,0	227	39
192	153,67,100,72	35,28,8,3	108,109,54,77	23,30,13,18	87	39
197	5,0,0,0	15,12,13,26	2,0,0,3	34,15,21,11	53	39
199	101,87,108,59	0,0,0,0	73,85,57,89	2,0,0,0	264	39
200	28,8,17,14	146,99,173,60	5,9,13,16	77,90,110,138	43	39
207	25,18,25,2	0,2,9,6	22,12,24,22	3,11,6,0	239	39
208	28,20,25,5	24,0,1,0	27,14,30,29	15,3,0,3	272	39
209	3,4,9,9	24,0,1,0	8,13,12,7	15,3,0,3	72	39
210	0,0,0,0	4,4,1,13	0,2,5,0	11,19,4,0	43	39
213	48,49,51,30	4,3,0,5	32,57,32,39	0,1,0,0	86	39
214	46,33,26,18	0,0,0,0	15,5,9,7	2,0,0,0	58	39
215	69,47,72,33	7,6,3,0	38,36,41,35	1,0,0,7	123	39
217	25,6,4,8	49,8,46,16	4,9,6,13	22,31,20,21	132	39
218	25,7,5,8	2,0,0,2	2,6,7,13	0,0,0,2	132	39
219	7,0,4,0	24,24,24,9	2,4,4,0	20,27,13,10	45	39
220	261,176,209,131	0,1,0,0	141,181,123,164	0,6,0,0	505	39
221	3,0,1,7	0,3,0,1	5,4,2,2	0,0,0,2	66	39
224	0,0,0,0	9,8,19,15	0,0,1,1	13,9,8,18	72	39
225	103,41,36,10	1,3,8,11	38,45,32,35	11,0,9,12	1601	39
228	3,3,4,0	0,0,0,0	2,0,0,3	3,0,1,1	48	39
229	18,12,13,13	11,26,14,4	12,7,10,0	9,5,15,16	60	39
230	236,139,218,73	0,4,0,0	99,105,105,100	2,2,0,0	297	39
232	2,0,14,12	3,9,6,16	7,12,1,0	10,7,7,19	55	39
233	5,3,0,0	4,3,8,0	0,0,0,0	7,3,4,4	81	39
237	113,45,64,37	0,0,0,0	63,52,52,77	0,3,0,1	48	39
239	0,11,0,0	3,2,0,4	2,2,0,0	4,1,1,4	211	39
243	7,6,6,9	122,62,71,65	5,0,1,12	53,68,56,59	110	39
247	48,29,1,10	5,0,0,0	2,6,3,6	0,0,0,2	104	39
249	0,0,0,4	232,210,200,107	3,0,1,0	199,165,136,159	44	39
250	234,159,133,95	76,47,50,32	226,197,145,75	31,49,20,27	847	39
251	2,2,0,0	23,14,9,4	1,0,3,0	19,13,13,11	54	39
253	12,2,2,0	36,26,37,38	7,4,3,3	35,72,16,34	110	39
254	36,18,47,37	4,15,0,7	8,33,24,53	12,2,3,6	642	39
255	0,4,0,1	15,6,10,26	3,0,0,0	16,12,2,13	50	39
260	0,0,4,0	0,5,0,0	0,1,2,0	0,0,0,0	48	39
261	7,0,6,2	31,28,16,16	1,18,6,3	26,17,12,28	117	39
262	3,0,6,2	31,28,16,16	1,18,6,3	26,17,12,28	132	39
265	9,0,0,0	8,3,0,7	0,4,0,3	3,0,0,3	64	39
266	0,0,0,0	2,2,4,0	2,0,0,0	7,0,2,4	43	39
267	184,129,112,131	2,0,0,0	70,94,116,146	0,0,0,2	108	39
272	42,25,11,23	6,0,0,0	14,19,23,35	0,0,0,0	169	39
273	183,58,140,63	170,93,117,92	77,73,69,99	138,79,81,111	48	39
274	341,249,211,210	2,2,1,0	239,281,185,195	2,8,1,0	167	39
280	24,6,3,4	0,0,0,0	7,19,10,7	2,0,0,0	72	39
281	0,0,0,0	6,0,0,1	0,2,0,0	4,7,0,3	61	39
282	170,123,137,102	0,0,0,3	97,109,98,138	0,0,0,0	200	39
283	25,23,21,17	47,26,37,42	21,17,13,23	54,46,41,38	75	39
285	1,1,0,0	43,19,15,18	0,0,4,0	23,22,9,19	69	39
287	3,0,0,0	22,34,9,5	0,0,0,0	17,26,12,19	109	39
289	57,33,41,38	18,17,10,0	21,17,32,59	12,15,19,9	657	39
294	21,6,9,12	3,2,0,0	4,2,23,14	0,0,0,0	68	39
295	3,4,0,0	17,1,9,10	0,0,0,0	14,20,18,35	45	39
296	5,22,0,13	12,6,9,16	20,13,5,6	22,32,12,17	172	39
297	34,22,12,22	0,0,0,0	22,16,25,13	0,0,0,4	125	39
303	1170,884,1239,906	0,0,7,3	885,1001,793,1040	0,3,3,0	106	39
305	48,30,44,39	0,2,0,0	26,45,18,26	0,0,0,0	73	39
307	59,42,19,28	2,0,0,0	41,110,51,44	0,0,0,0	155	39
308	0,0,3,1	0,0,0,0	0,0,0,1	0,0,1,0	43	39
310	57,36,35,32	13,20,15,10	21,53,30,69	5,12,6,1	51	39
312	0,1,0,0	0,0,0,1	1,0,0,0	0,4,3,0	48	39
317	343,162,306,168	9,21,0,7	140,161,125,162	4,2,1,0	56	39
318	28,14,7,20	0,0,0,0	29,18,17,29	0,0,1,0	126	39
326	24,12,11,4	0,0,0,0	6,21,3,10	6,6,0,0	78	39
328	5,4,9,5	21,18,23,10	8,4,3,2	7,30,16,10	115	39
329	6,0,0,0	9,6,11,6	0,3,0,1	13,7,15,1	111	39
330	28,14,44,10	0,0,13,0	15,28,18,22	0,0,2,0	68	39
333	1,19,0,11	0,4,0,0	2,10,2,0	0,0,0,0	1589	39
339	29,22,6,18	26,6,18,12	10,26,1,1	4,9,8,17	43	39
340	5,6,10,13	8,0,0,3	5,5,8,30	5,5,3,0	51	39
342	54,43,39,7	2,0,8,7	34,51,58,39	0,9,2,0	545	39
343	0,4,0,1	0,1,0,0	0,2,0,0	0,2,0,1	95	39
345	60,19,64,26	2,0,0,0	16,26,29,27	0,0,0,0	56	39
347	0,0,0,0	1,1,11,1	1,0,0,0	13,8,3,16	64	39
350	8,18,28,18	0,0,6,0	22,11,13,6	0,0,0,0	78	39
353	23,12,11,7	28,20,13,22	10,26,16,3	15,5,6,19	45	39
363	0,0,0,0	0,0,3,1	0,0,1,0	0,0,1,1	184	39
366	1,0,2,0	24,10,13,7	4,0,3,0	5,4,6,3	49	39
367	7,10,10,0	16,21,15,12	0,11,2,1	19,20,9,4	64	39
369	51,61,58,62	0,0,6,0	59,90,93,66	0,0,0,0	379	39
370	0,5,2,16	0,0,6,0	11,10,3,8	0,0,0,0	76	39
373	214,177,174,97	2,0,0,0	91,95,165,116	0,0,0,0	561	39
374	0,0,0,0	3,0,0,0	1,0,0,0	0,0,0,0	143	39
375	0,0,3,0	39,6,17,39	2,0,0,0	16,12,14,7	43	39
377	14,1,0,0	117,90,120,100	5,12,5,3	56,45,54,82	42	39
384	4,0,0,1	78,41,37,27	2,0,0,0	43,45,28,28	152	39
391	25,20,48,41	23,17,13,7	35,52,32,38	11,6,14,7	45	39
393	5,0,8,0	0,0,0,0	4,0,0,3	1,0,6,3	45	39
395	56,39,56,32	3,0,2,0	32,41,35,45	0,0,0,0	67	39
396	0,5,0,0	27,13,37,26	2,0,3,0	14,17,7,23	56	39
402	24,5,11,13	3,1,6,0	14,6,17,9	2,0,0,0	211	39
403	8,1,2,0	0,0,4,0	6,9,10,1	2,0,0,0	66	39
404	0,0,0,0	38,21,21,20	0,0,0,2	29,18,11,20	86	39
406	1,0,0,1	7,8,18,21	0,0,0,1	7,13,9,12	46	39
408	365,181,292,161	2,3,8,0	156,259,151,228	4,0,1,6	332	39
410	25,24,8,10	5,8,3,4	8,17,7,15	1,0,2,0	99	39
413	175,99,71,14	9,0,0,0	62,68,49,58	0,0,0,0	311	39
414	136,93,94,36	3,4,22,0	44,61,85,74	0,13,3,7	45	39
415	8,2,17,18	67,35,43,30	20,24,21,13	64,34,30,42	56	39
416	6,9,4,10	0,0,2,0	22,11,6,0	2,5,6,3	62	39
418	2,4,15,0	11,6,13,7	3,0,0,2	6,15,7,19	48	39
422	0,2,0,17	2,0,0,0	3,0,0,6	0,3,1,0	76	39
423	19,3,0,5	27,18,23,25	3,0,18,1	32,11,15,17	85	39
424	20,14,10,4	2,1,4,9	8,7,11,11	5,4,5,8	75	39
426	123,77,72,58	17,10,2,0	80,45,82,75	5,9,4,2	432	39
427	24,34,23,5	5,2,0,0	60,41,34,25	2,9,8,6	550	39
428	36,34,6,13	4,2,2,7	22,21,23,11	0,0,0,3	146	39
440	97,49,82,61	6,2,6,2	86,61,54,52	4,10,1,16	153	39
442	314,239,250,167	0,2,0,0	193,182,158,200	0,0,0,0	383	39
443	152,85,49,25	48,9,42,21	105,59,31,64	22,27,17,27	1065	39
444	33,10,38,16	10,12,20,10	35,30,31,16	14,22,7,8	96	39
445	15,17,5,0	4,15,9,6	4,0,2,6	7,0,7,7	69	39
446	21,6,8,6	0,3,0,0	17,11,6,1	0,0,0,0	46	39
448	28,19,21,27	7,12,5,5	17,19,26,20	3,7,0,5	48	39
450	3,2,8,4	242,205,200,168	1,5,0,0	163,150,134,205	187	39
451	0,13,0,0	0,1,2,0	0,0,3,0	4,0,0,2	86	39
453	0,0,0,0	3,0,3,0	0,0,5,0	0,5,1,5	48	39
454	0,0,0,0	3,0,0,0	3,0,0,0	0,2,0,0	231	39
455	0,0,0,0	20,42,17,28	0,0,4,0	27,8,14,15	45	39
457	6,3,3,0	0,9,0,0	5,6,1,0	4,12,0,0	118	39
458	2,1,2,0	0,0,0,0	0,0,1,0	0,0,1,0	58	39
461	4,1,18,1	29,17,35,10	6,7,6,4	12,5,5,14	257	39
464	43,10,42,6	3,0,0,0	20,35,13,20	0,0,0,0	280	39
465	1,8,8,0	63,38,30,27	0,0,6,0	50,47,40,48	1598	39
467	4,2,18,0	0,3,0,0	2,2,7,2	0,0,0,0	65	39
468	86,56,75,28	9,1,0,0	65,81,41,55	0,4,0,0	126	39
471	0,0,0,2	0,0,4,0	0,0,0,0	1,0,0,0	106	39
472	0,0,0,2	0,0,4,0	0,0,0,0	1,0,0,0	95	39
474	78,53,64,28	2,0,0,0	43,48,30,45	3,0,0,4	429	39
477	6,17,5,6	1,5,0,0	7,10,18,11	0,0,0,0	79	39
483	2,0,0,0	20,27,6,1	2,0,2,0	8,22,7,4	51	39
484	9,20,13,3	7,0,16,2	5,3,8,7	12,13,5,10	110	39
485	27,56,55,18	4,0,0,3	35,22,39,30	0,0,0,0	221	39
486	25,36,58,17	4,0,0,3	42,32,36,33	0,0,0,0	150	39
487	81,71,82,61	0,2,6,1	64,82,63,56	0,0,1,1	50	39
488	7,10,4,0	18,8,3,16	1,0,3,0	2,4,9,9	45	39
496	6,13,1,0	0,4,7,1	0,5,1,5	0,6,0,1	67	39
497	3,0,0,2	111,109,92,54	9,0,0,5	85,80,93,76	68	39
498	0,0,0,0	11,17,24,15	1,0,0,0	20,15,6,5	48	39
499	6,8,3,24	48,53,27,16	4,19,9,4	30,43,39,24	179	39
500	4,0,0,5	49,29,34,11	1,0,0,2	27,22,10,33	62	39
501	5,0,3,0	1,0,0,0	4,0,4,0	0,0,0,0	194	39
502	4,2,0,0	10,6,5,18	3,7,3,0	8,17,14,7	51	39
503	6,1,0,0	0,0,1,0	0,8,2,3	3,1,0,0	42	39
507	156,106,122,119	305,159,326,159	83,91,72,76	190,162,145,190	51	39
509	0,9,0,0	28,16,36,16	1,1,1,4	21,41,12,20	44	39
511	219,105,155,124	0,0,1,0	115,169,106,96	0,0,2,0	351	39
512	7,8,1,2	0,0,1,0	4,4,0,5	0,0,2,0	43	39
513	77,47,78,58	1,2,4,0	81,75,56,82	3,7,0,7	43	39
515	5,9,12,6	7,5,0,5	5,6,0,0	4,0,2,7	87	39
516	0,0,0,0	0,1,0,0	0,0,2,0	0,1,0,0	78	39
520	456,347,296,226	50,24,30,10	299,384,292,339	15,30,20,22	69	39
522	100,76,120,89	0,2,3,0	78,60,73,88	5,2,2,0	58	39
523	0,0,0,0	33,21,26,21	0,0,0,1	23,12,7,42	71	39
524	34,20,36,53	0,6,0,0	25,30,30,20	0,10,1,3	51	39
525	9,7,0,0	5,27,14,12	4,0,5,0	4,8,5,13	137	39
529	5,8,1,0	15,7,5,1	1,0,0,2	10,7,1,5	91	39
532	17,11,5,11	11,9,6,10	15,17,0,3	5,11,8,10	56	39
533	24,3,17,4	4,3,0,0	11,7,12,19	0,0,2,8	96	39
534	14,3,20,12	0,0,0,0	22,27,10,9	0,5,0,0	101	39
536	0,1,2,5	5,0,10,9	2,9,2,4	9,28,4,23	219	39
542	1,3,0,0	24,23,24,25	0,0,0,0	23,17,19,16	74	39
543	2,0,0,6	14,13,13,7	6,0,7,4	16,13,7,3	60	39
545	48,29,57,44	0,0,0,0	17,31,25,76	0,0,0,3	241	39
546	3,4,3,0	22,9,23,3	1,0,1,0	9,25,4,7	245	39
547	18,6,15,3	1,0,0,0	8,19,9,11	0,0,0,0	83	39
552	6,0,0,4	21,24,19,8	1,0,1,7	10,17,7,16	130	39
554	0,2,3,0	3,3,5,0	0,2,0,0	2,3,1,1	54	39
555	974,552,594,405	0,0,2,0	491,546,482,527	1,0,0,0	129	39
559	5241,3292,4242,2954	0,0,2,0	3324,3932,3052,3762	0,0,0,0	248	39
560	12,10,9,5	8,0,5,0	8,7,8,12	0,0,2,4	53	39
561	18,14,10,2	3,0,0,0	2,12,6,14	0,0,0,0	208	39
562	9,7,26,8	0,0,0,5	0,10,6,12	0,0,0,0	102	39
563	7,0,7,1	56,14,44,19	4,0,0,13	20,30,17,31	56	39
567	116,91,60,44	1,3,10,0	94,88,32,72	3,4,1,0	183	39
568	104,69,91,63	3,5,19,0	56,85,71,68	0,5,0,2	103	39
576	100,60,47,42	5,2,6,7	59,58,38,71	3,9,3,6	115	39
581	0,3,0,4	1,2,0,0	0,0,0,3	2,1,2,4	115	39
582	4,1,13,10	6,6,10,4	3,2,8,8	7,0,4,4	179	39
583	30,8,34,13	0,0,2,3	8,28,6,3	1,0,0,0	243	39
584	197,249,362,239	1,5,0,0	289,307,229,208	0,5,0,0	48	39
585	32,26,43,30	0,0,0,0	30,51,27,25	1,0,0,0	257	39
586	0,0,3,0	2,2,5,6	1,2,2,5	3,3,4,0	54	39
587	16,2,2,3	12,5,2,11	2,1,0,4	15,0,8,6	45	39
588	36,24,30,11	1,1,2,2	10,10,15,51	4,15,2,1	262	39
590	0,0,0,4	21,19,10,8	3,0,0,0	10,10,5,7	51	39
594	202,163,276,157	0,0,0,0	179,159,157,154	0,0,2,0	1381	39
595	0,6,0,0	158,79,43,61	6,7,0,0	82,94,62,112	50	39
597	159,123,138,164	53,41,36,28	113,144,129,161	26,35,25,20	111	39
599	0,4,0,0	2,5,1,5	2,14,0,0	0,11,4,2	1028	39
609	20,12,14,9	14,15,16,6	4,6,6,8	19,22,10,6	151	39
610	77,68,116,66	2,0,0,0	48,70,70,51	3,0,0,2	62	39
611	8,0,0,0	15,8,33,9	1,0,0,1	19,5,11,24	166	39
615	35,22,14,13	24,11,15,15	15,20,18,22	4,11,14,18	45	39
619	5,0,0,0	19,4,7,23	0,0,0,7	8,16,14,20	61	39
620	37,13,17,47	3,0,0,0	21,31,32,29	0,0,0,0	228	39
621	246,207,285,184	1438,831,1212,787	169,219,139,206	916,1168,816,1203	160	39
622	60,19,36,23	5,1,7,0	43,43,9,41	0,0,0,0	135	39
623	3,4,0,6	77,77,40,40	5,0,3,2	29,32,11,53	362	39
624	16,4,0,3	17,20,22,2	3,0,7,1	10,3,7,0	50	39
625	50,42,75,18	0,0,5,0	56,45,52,53	0,0,0,0	236	39
626	18,15,14,10	11,0,1,6	10,11,8,14	1,11,6,0	153	39
627	19,15,19,16	11,0,1,6	10,11,12,14	1,11,6,0	190	39
632	22,23,13,19	0,2,0,0	20,22,14,19	0,1,0,0	181	39
633	2,1,4,0	0,0,0,0	2,0,0,3	1,0,0,0	53	39
635	0,0,0,0	27,23,11,8	0,0,3,1	33,42,7,18	48	39
637	7,0,0,25	17,3,13,3	3,0,0,5	4,0,7,5	63	39
639	35,39,40,20	71,45,35,22	19,31,26,37	44,53,20,37	90	39
640	3,0,0,2	45,50,38,21	2,0,6,6	16,32,11,38	48	39
642	6,11,0,0	8,28,25,19	0,0,0,0	18,5,20,3	108	39
644	5,4,2,9	30,13,4,13	1,8,0,3	12,13,11,6	81	39
646	148,61,130,114	3,1,2,5	104,108,82,84	5,0,3,0	148	39
648	189,71,159,153	40,15,40,29	130,123,104,105	15,29,16,26	148	39
649	31,18,7,0	9,9,5,5	14,2,19,28	5,2,4,3	131	39
650	142,62,128,112	6,3,0,3	99,112,70,81	10,6,2,4	148	39
651	365,269,342,266	0,0,0,0	272,307,213,266	0,2,0,1	308	39
653	1,0,0,0	31,23,25,12	0,15,1,1	11,19,11,20	43	39
654	55,27,21,24	0,0,0,0	22,68,15,20	0,0,0,3	95	39
655	85,50,46,36	0,0,0,0	33,72,25,39	0,0,0,3	91	39
657	0,0,0,5	0,0,0,2	0,0,0,0	6,6,0,1	98	39
658	7,8,5,5	1,0,0,0	5,0,2,9	1,3,0,3	44	39
659	0,0,0,0	0,0,0,6	0,0,4,4	1,0,3,0	43	39
661	17,4,1,0	3,3,3,3	4,0,4,8	4,0,1,0	97	39
663	17,4,1,6	3,3,3,3	5,0,3,4	4,0,1,0	93	39
664	1,0,0,0	3,3,3,3	4,0,0,0	4,0,1,0	47	39
665	184,111,161,85	14,14,11,1	109,161,130,154	19,16,11,9	162	39
674	44,32,4,4	3,0,0,0	36,27,11,12	0,0,0,0	378	39
675	55,30,51,32	12,0,0,0	21,55,46,34	6,4,0,4	81	39
676	2,1,5,2	25,14,27,35	1,0,0,6	34,38,31,16	61	39
678	0,0,3,0	8,15,5,4	0,0,2,0	4,15,4,3	49	39
680	2,0,0,4	4,0,1,0	4,0,4,4	2,7,6,0	168	39
683	0,0,0,1	0,0,0,0	0,0,2,0	0,0,2,0	98	39
684	136,108,168,81	146,124,126,92	76,75,104,80	103,98,88,85	60	39
685	120,73,125,66	74,28,31,11	77,105,88,106	33,21,22,23	54	39
688	1,1,2,0	10,5,27,0	0,0,0,2	4,5,4,20	48	39
690	12,4,10,5	22,10,25,3	7,3,5,11	23,18,5,15	63	39
691	138,73,92,76	4,0,0,0	118,97,86,83	0,2,0,4	103	39
692	5,5,20,0	2,4,0,0	2,11,4,5	3,0,2,0	113	39
693	1,0,0,0	3,5,0,0	0,0,1,0	0,4,0,0	53	39
694	0,3,6,0	7,9,9,0	0,2,2,2	4,0,0,3	46	39
697	2,11,0,15	4,3,6,5	7,9,3,3	0,0,0,0	60	39
705	164,118,138,94	5,1,3,0	77,118,129,143	1,3,0,4	416	39
706	183,119,155,79	5,1,3,0	85,126,135,167	1,3,0,4	725	39
707	24,4,28,1	5,3,11,16	10,8,21,27	2,0,15,3	348	39
708	50,36,35,35	0,0,0,0	16,33,24,23	0,0,0,3	48	39
709	3,5,0,0	25,13,2,3	5,4,2,2	2,8,7,7	145	39
712	186,83,149,85	1,0,0,0	67,118,67,102	0,0,0,0	219	39
715	11,18,24,8	83,49,30,29	22,16,12,14	43,24,18,39	267	39
717	14,1,10,0	71,32,40,16	12,31,5,12	27,44,28,13	83	39
720	5,4,0,4	0,0,3,0	7,6,8,1	2,0,0,0	54	39
721	18,12,18,13	0,0,0,0	19,20,13,23	3,0,0,3	722	39
724	8,7,1,0	0,4,3,0	0,0,6,4	0,0,0,0	42	39
725	8,7,1,0	7,4,0,0	0,0,6,4	4,0,0,0	51	39
726	12,8,6,6	1,0,0,0	0,6,7,6	0,0,0,0	96	39
727	0,4,3,0	7,4,0,0	0,0,0,0	4,0,0,0	48	39
728	4,5,8,6	1,0,0,0	0,6,1,2	0,0,0,0	93	39
729	11,5,5,6	1,0,0,0	4,6,1,2	0,0,0,0	84	39
732	17,0,4,0	8,0,0,0	0,0,0,0	0,0,1,0	200	39
735	0,7,0,0	2,0,7,3	2,0,3,0	2,6,0,0	156	39
737	13,21,4,10	0,0,0,0	12,14,2,0	1,0,0,0	1912	39
741	0,10,6,0	11,0,19,7	2,0,0,4	14,22,7,6	62	39
742	419,161,267,230	3,0,0,0	224,186,236,281	0,2,3,0	633	39
743	25,9,22,23	16,4,2,2	29,25,17,10	12,2,3,8	81	39
744	9,3,8,2	0,7,2,0	1,7,9,8	6,9,1,0	51	39
745	56,14,71,33	3,0,1,0	60,56,46,64	0,0,2,1	240	39
746	47,18,65,31	3,0,1,0	65,58,38,56	0,0,2,1	228	39
750	22,7,9,2	0,0,0,0	5,11,4,7	1,1,0,6	50	39
751	52,17,9,10	0,0,0,0	19,13,12,19	1,1,0,6	439	39
753	54,36,36,8	1,0,2,0	33,45,29,43	2,0,1,0	50	39
754	52,17,9,10	1,0,2,0	19,13,13,19	2,0,1,0	439	39
755	30,10,0,8	32,29,27,6	14,2,9,12	28,34,25,36	428	39
756	1,2,1,5	0,3,0,0	0,2,0,6	0,0,0,0	51	39
757	2,2,7,0	4,7,4,4	0,14,2,8	12,7,2,2	94	39
758	5,0,0,0	36,31,47,32	0,0,0,7	40,42,41,20	54	39
762	0,0,0,0	10,8,17,0	0,0,1,0	2,5,4,0	147	39
763	3,0,3,1	12,13,13,6	0,4,0,0	13,8,7,18	55	39
764	9,3,17,3	1,0,7,0	0,20,1,0	0,0,8,6	161	39
766	2,0,2,0	13,5,17,9	3,4,0,0	15,12,5,9	81	39
770	8,3,7,0	0,0,0,0	3,2,5,4	2,0,0,0	53	39
771	97,93,86,55	0,4,0,0	63,93,83,76	0,0,0,0	67	39
774	39,26,39,12	11,8,0,8	19,13,16,16	0,3,5,0	459	39
776	80,72,68,33	21,11,21,16	46,77,47,61	17,45,9,20	177	39
778	4,0,0,4	25,22,21,14	0,0,0,0	9,12,12,26	55	39
782	2,2,0,0	7,0,0,0	2,0,0,0	0,0,0,0	204	39
784	57,34,44,6	1,0,0,0	26,54,23,46	2,0,0,0	136	39
788	69,58,56,85	4,0,0,0	33,41,56,33	0,0,0,0	43	39
789	137,98,86,106	13,10,4,5	125,115,61,146	7,6,6,4	510	39
790	181,115,185,62	0,2,0,0	87,122,83,106	0,0,0,0	504	39
791	2,5,0,0	12,7,10,25	2,0,0,3	0,3,3,5	75	39
793	18,4,22,11	20,12,9,6	13,4,7,11	12,32,19,7	69	39
794	8,5,25,6	10,7,6,3	18,0,2,5	4,8,1,0	69	39
795	6,2,17,6	0,0,0,0	9,2,1,2	2,0,0,0	69	39
798	27,6,10,5	25,26,39,37	6,4,6,20	10,51,12,26	48	39
799	47,15,36,24	17,2,3,2	23,36,7,26	5,13,11,13	54	39
801	25,29,13,8	41,15,11,6	30,47,28,20	23,16,10,13	45	39
803	0,1,1,0	1,0,0,0	0,0,5,6	0,0,0,0	171	39
805	0,3,7,0	17,12,19,0	11,14,2,2	3,13,11,10	352	39
806	9,3,9,5	0,0,0,0	0,8,10,3	3,0,0,0	91	39
807	0,0,3,0	0,0,3,0	0,0,0,2	2,7,0,1	50	39
810	33,12,3,14	0,0,0,0	2,14,13,9	0,0,0,3	276	39
816	100,64,90,51	51,28,28,33	57,54,42,101	42,46,49,35	135	39
817	0,0,0,0	35,8,23,20	0,0,2,0	28,21,12,24	55	39
818	11,12,2,9	4,3,7,0	6,14,6,5	4,0,6,7	48	39
820	13,15,13,14	46,25,21,21	18,18,18,26	28,25,17,18	42	39
822	0,0,10,3	3,5,0,0	3,0,0,0	0,1,2,2	57	39
823	1,0,0,0	10,0,0,0	2,0,2,0	2,5,1,1	48	39
829	44,48,84,35	142,122,219,125	64,47,29,33	152,146,123,177	518	39
830	121,58,113,95	0,1,0,0	91,95,66,111	0,0,0,1	193	39
833	120,87,144,83	63,17,59,45	85,91,88,98	57,32,33,45	90	39
837	69,66,49,28	145,72,105,92	38,59,52,55	84,80,84,83	54	39
838	109,65,71,57	91,86,123,90	55,93,45,85	57,70,62,63	72	39
839	33,4,4,4	4,1,7,0	7,9,19,15	0,0,0,2	193	39
841	0,0,0,0	1,0,0,7	0,0,0,1	3,0,1,2	45	39
844	28,9,9,1	2,0,7,0	4,10,12,14	2,1,0,1	190	39
851	109,78,121,86	5,2,10,5	85,114,75,83	4,0,0,13	132	39
853	14,13,17,2	43,14,23,14	16,23,7,8	21,20,28,16	242	39
854	268,168,186,97	2,3,0,0	137,164,119,138	1,4,0,0	189	39
855	873,613,873,536	0,0,0,0	735,838,619,863	2,0,0,0	322	39
858	105,80,117,47	0,0,0,0	69,103,59,56	0,0,4,0	69	39
859	0,3,0,0	15,8,2,0	0,0,0,0	5,6,9,14	45	39
860	109,61,158,128	0,0,0,7	94,118,77,99	0,0,0,0	338	39
868	44,21,25,8	3,0,0,0	21,14,11,22	0,0,0,0	57	39
870	41,39,57,13	0,1,3,0	7,31,17,39	3,0,0,0	79	39
871	99,52,47,50	0,0,0,0	48,65,39,49	3,0,0,0	50	39
877	4,0,0,3	0,0,0,0	2,0,0,0	1,0,0,0	283	39
881	18,7,6,5	1,0,0,1	7,7,1,7	0,0,1,5	52	39
882	54,14,22,31	43,58,75,73	10,37,0,10	80,87,54,75	279	39
889	2,5,0,0	24,17,16,9	0,0,1,5	11,16,29,13	78	39
891	28,12,31,7	0,9,17,4	16,21,5,13	12,3,8,5	66	39
892	123,58,77,55	4,2,0,0	94,107,48,72	0,0,2,0	52	39
893	0,0,0,0	57,57,46,29	4,2,0,2	39,46,36,37	49	39
895	186,73,141,101	1,0,0,0	118,130,90,113	0,0,0,0	194	39
898	1,0,0,0	0,1,5,0	0,0,0,0	4,0,7,0	44	39
900	0,0,0,3	0,0,0,0	0,0,0,0	3,0,0,0	126	39
901	3,2,10,1	0,0,0,0	1,7,6,0	0,0,0,5	237	39
902	57,26,76,20	22,14,15,17	18,20,25,56	17,9,9,17	404	39
905	6,5,0,1	48,33,37,39	5,10,6,1	31,17,23,54	42	39
912	347,280,176,153	78,38,36,24	339,229,207,252	14,40,37,26	1397	39
916	25,7,32,6	35,40,36,14	6,5,4,8	12,15,25,17	48	39
917	0,0,0,0	26,10,7,6	2,0,0,2	25,21,10,10	560	39
919	0,3,0,0	2,5,2,3	0,0,4,0	0,0,0,5	43	39
921	2,0,0,0	48,29,38,39	5,0,0,4	40,34,44,50	43	39
922	0,0,0,1	0,0,0,0	0,0,0,0	0,0,0,2	67	39
923	1,6,0,0	15,0,5,14	1,2,0,1	5,8,13,8	57	39
924	0,1,0,0	2,1,4,0	0,0,0,0	3,0,4,14	40	39
926	7,1,0,0	6,4,0,0	7,3,2,5	5,7,3,0	99	39
929	155,89,174,140	4,5,2,0	89,148,155,137	6,0,0,6	182	39
930	259,155,310,250	7,2,4,8	164,250,273,236	6,0,2,0	293	39
931	108,71,138,110	7,2,4,8	81,102,118,105	6,0,2,0	150	39
932	180,196,155,76	2,0,0,0	112,122,98,94	0,0,0,2	157	39
933	0,3,0,0	0,3,0,0	5,4,0,0	0,0,0,0	42	39
934	325,194,225,161	0,0,1,0	146,273,153,244	0,0,0,0	439	39
935	0,3,0,0	0,0,0,0	0,0,0,0	6,0,4,0	112	39
937	4,1,0,0	4,0,0,0	2,0,0,0	1,0,0,0	43	39
938	27,26,6,5	0,1,5,0	32,26,17,0	4,0,3,9	344	39
939	138,97,68,45	0,0,0,0	118,148,72,74	0,3,0,0	1539	39
945	6,6,1,1	24,5,14,5	6,5,11,6	4,7,2,6	118	39
949	7,2,0,0	54,42,37,37	4,0,5,7	26,15,28,23	132	39
950	79,90,119,86	12,7,7,0	113,92,89,92	7,6,2,14	208	39
956	32,22,31,11	45,29,32,13	18,32,17,20	12,25,13,19	45	39
957	14,17,18,17	0,0,0,11	21,18,10,5	1,0,0,0	74	39
960	112,99,89,66	11,12,27,8	74,80,57,63	17,1,4,0	57	39
961	58,87,118,55	3,0,0,0	66,95,60,62	0,5,0,0	48	39
962	69,92,125,63	4,11,0,9	79,88,64,62	0,8,11,11	48	39
963	58,83,98,60	0,0,0,2	64,87,60,62	1,0,1,0	48	39
966	257,207,138,131	0,0,0,0	152,181,129,111	0,2,0,0	1822	39
967	0,9,0,0	36,14,19,13	0,0,0,0	14,15,11,15	88	39
968	24,5,9,4	11,6,1,6	21,39,10,1	3,10,6,5	233	39
969	531,353,639,418	0,0,0,0	491,498,380,416	0,0,0,3	256	39
970	4,0,0,0	0,0,0,2	0,0,0,6	0,4,4,0	331	39
971	3,3,22,0	58,39,36,35	0,7,3,5	46,22,26,47	85	39
972	0,4,0,0	332,166,291,211	0,6,0,10	161,274,193,172	145	39
974	8,4,2,4	5,8,15,12	4,3,8,0	14,6,5,13	41	39
978	6,4,4,1	5,2,0,0	6,2,1,6	3,0,0,0	43	39
979	0,0,0,2	31,26,18,2	0,0,0,0	15,15,7,29	50	39
981	8,3,0,1	17,11,6,7	0,7,0,0	12,23,8,29	136	39
982	9,2,6,11	0,0,0,6	2,3,3,1	0,0,0,0	80	39
983	190,145,70,81	0,0,0,0	97,171,108,138	0,3,0,0	1148	39
985	7,0,7,2	0,0,0,0	0,0,1,0	0,5,0,0	54	39
988	5,0,0,0	2,3,13,9	0,5,0,0	5,2,8,9	94	39
990	22,16,3,4	2,3,4,3	9,3,15,5	4,4,3,5	327	39
991	15,14,19,3	0,3,0,3	10,0,7,2	0,0,0,0	83	39
992	6,4,11,3	2,0,0,0	8,0,3,2	0,7,0,0	83	39
997	25,33,35,21	4,5,9,10	35,41,14,14	6,11,7,12	199	39
999	4,1,3,0	73,71,43,39	0,0,2,6	65,105,41,42	43	39
1000	1,2,0,0	3,0,2,0	0,0,0,0	5,0,1,0	123	39
1002	1,0,1,0	0,0,0,0	1,5,0,0	0,1,0,0	195	39
1003	1,4,0,4	1,0,0,0	1,3,0,0	0,0,0,0	194	39
1004	35,30,27,26	0,0,0,0	22,43,25,23	0,0,2,0	129	39
1006	2,10,0,0	0,1,0,2	0,0,4,3	2,2,3,0	149	39
1008	4,8,2,2	86,41,82,48	13,3,5,0	44,57,57,59	184	39
1009	0,8,0,3	0,4,1,0	4,0,2,0	0,0,0,0	63	39
1013	37,54,39,26	34,35,18,22	38,38,32,27	14,40,39,23	158	39
1014	3,6,0,0	2,13,14,4	0,1,0,0	5,0,1,8	81	39
1016	0,0,0,0	16,4,11,3	0,0,0,3	1,9,6,6	95	39
1019	0,0,0,2	202,104,165,119	0,0,0,1	110,135,108,132	49	39
1022	0,0,2,0	0,0,0,1	0,0,0,0	0,8,0,0	44	39
1025	294,188,249,144	530,389,471,303	167,242,169,159	406,445,379,437	43	39
1026	5,0,0,0	0,0,0,0	0,0,0,0	0,0,0,3	43	39
1029	92,38,118,22	4,0,0,0	58,95,37,61	0,0,0,0	44	39
1031	2,6,6,0	23,11,40,16	14,2,0,1	27,9,17,22	60	39
1032	23,15,31,14	185,88,91,48	11,7,18,11	79,89,58,80	48	39
1033	11,3,8,0	57,35,33,17	11,0,6,12	19,26,21,24	48	39
1035	11,0,0,1	1,2,0,0	0,1,2,1	1,13,3,2	63	39
1038	6,2,0,0	0,0,0,0	7,7,1,1	1,0,0,0	228	39
1039	458,300,656,446	0,0,0,0	479,480,364,532	0,0,1,0	226	39
1040	562,396,647,415	0,0,7,0	470,591,434,565	1,0,0,5	231	39
1041	28,11,15,2	179,90,181,110	23,16,16,17	109,143,129,121	201	39
1043	147,98,77,71	2,1,0,2	153,136,92,91	0,0,0,3	767	39
1047	34,17,27,23	26,20,36,6	40,49,29,33	44,40,32,23	83	39
1049	13,5,7,7	38,25,46,20	11,12,2,13	23,31,29,29	43	39
1051	0,0,2,0	20,12,31,15	0,0,0,5	6,10,15,39	63	39
1053	0,1,8,0	3,7,0,7	2,14,0,0	6,7,4,18	62	39
1054	203,139,189,124	4,0,2,10	140,143,78,144	5,3,5,0	53	39
1055	6,2,0,0	0,0,0,0	1,0,1,0	0,4,0,0	54	39
1057	22,16,33,11	28,23,13,9	21,18,15,18	15,35,14,22	207	39
1061	1,1,4,2	0,0,0,0	0,0,1,5	3,0,0,0	43	39
1064	61,41,47,37	5,11,0,20	38,27,30,42	10,2,9,11	84	39
1067	1,0,1,0	62,17,64,15	0,8,0,1	33,32,30,31	43	39
1069	4,10,7,0	0,0,0,0	3,0,0,0	2,0,0,0	48	39
1070	21,15,15,19	9,0,9,0	18,15,26,14	2,7,0,2	48	39
1073	7,4,15,7	108,37,79,42	5,7,9,11	59,56,56,99	57	39
1075	18,2,16,14	0,0,0,0	10,17,18,21	3,0,0,0	54	39
1076	173,85,245,153	0,0,0,0	179,139,109,136	3,0,0,0	83	39
1078	30,23,30,17	0,0,0,0	24,30,17,24	0,0,4,0	122	39
1079	7,5,5,7	2,1,3,0	2,0,5,5	2,0,4,0	66	39
1081	0,0,19,0	0,0,0,0	0,3,17,0	1,0,3,3	403	39
1082	16,10,11,4	16,5,8,5	7,4,4,6	4,7,7,13	110	39
1084	7,0,0,0	3,2,7,0	0,0,0,0	4,0,4,0	91	39
1088	0,0,0,0	15,3,20,3	0,3,0,2	16,32,10,12	51	39
1090	10,3,8,10	6,0,0,4	3,12,0,1	2,0,0,3	42	39
1093	15,8,5,0	1,1,0,0	2,0,3,3	0,5,0,0	84	39
1094	1,0,0,0	2,8,2,12	0,0,0,0	3,5,8,7	84	39
1096	4,26,0,0	9,7,15,11	12,6,2,14	5,8,4,10	1407	39
1097	0,2,0,0	46,35,47,36	0,4,9,0	36,55,36,33	104	39
1100	27,1,2,8	20,17,4,17	4,0,3,1	12,9,12,4	83	39
1101	282,122,116,59	0,2,0,0	64,143,53,84	0,0,0,0	1143	39
1102	7,6,4,7	0,0,3,0	2,1,5,6	0,0,0,0	65	39
1107	0,0,0,1	0,0,2,0	0,0,0,0	0,3,0,3	60	39
1108	0,2,0,0	1,0,11,6	0,0,0,0	0,0,1,1	50	39
1111	0,0,2,0	8,4,7,6	0,1,0,0	3,3,0,9	247	39
1112	636,405,543,410	249,172,221,102	378,422,355,464	157,147,152,196	78	39
1113	146,90,177,101	0,0,0,3	105,176,96,115	0,0,0,0	55	39
1120	0,2,3,0	1,1,0,4	0,0,0,0	2,0,3,3	102	39
1125	4,1,0,0	176,146,107,109	6,1,0,4	113,139,107,144	126	39
1126	15,5,18,6	12,3,6,0	6,5,4,5	8,0,2,2	146	39
1128	0,0,3,0	23,2,6,6	0,0,0,4	4,12,2,0	92	39
1133	165,116,165,144	12,7,4,2	112,112,92,114	2,10,6,5	127	39
1134	173,110,208,94	35,30,72,17	139,128,107,151	36,63,33,55	48	39
1137	23,15,29,15	26,17,16,16	8,14,4,9	19,8,19,13	75	39
1138	145,91,87,67	8,4,0,0	68,68,65,66	4,2,5,0	52	39
1139	297,211,205,190	0,2,0,0	298,256,217,257	0,0,1,0	249	39
1140	472,353,354,275	10,4,0,9	365,473,290,318	0,0,2,6	269	39
1141	1198,901,913,654	6,3,1,1	843,948,626,733	2,7,0,2	374	39
1142	373,270,221,162	0,0,0,0	285,336,205,205	0,0,1,0	269	39
1143	656,544,596,443	263,166,186,124	612,697,419,437	191,172,157,185	351	39
1144	1082,821,949,682	0,1,0,0	930,1073,715,681	1,0,1,0	502	39
1145	23,10,9,11	2,0,0,0	18,8,11,9	0,0,0,0	44	39
1149	4,0,0,0	2,0,0,0	3,0,1,0	0,0,1,2	42	39
1163	36,12,21,19	3,0,9,5	13,6,7,31	0,0,0,0	73	39
1165	1,2,1,0	92,78,118,79	0,0,0,3	61,67,50,106	74	39
1166	5,11,15,0	25,23,27,4	8,10,5,15	25,49,23,28	51	39
1168	67,47,71,46	0,0,0,0	56,128,43,45	0,0,0,1	271	39
1169	5,1,0,8	77,64,51,46	6,0,1,5	55,77,37,52	125	39
1170	212,126,116,145	0,0,0,3	115,172,87,116	0,0,0,0	195	39
1171	83,49,57,50	0,0,0,4	51,50,48,38	0,0,0,0	76	39
1174	46,55,50,30	66,49,110,41	59,74,49,47	81,88,48,66	178	39
1175	219,116,196,94	27,11,17,6	174,135,107,170	13,11,12,14	87	39
1176	186,106,159,95	8,0,7,12	116,109,97,148	7,0,5,10	87	39
1177	66,81,19,44	0,0,0,0	54,27,27,34	2,0,1,8	81	39
1178	84,29,25,34	2,5,12,0	50,48,52,23	11,0,2,7	51	39
1179	44,32,21,8	36,14,9,26	24,30,14,22	17,35,10,22	57	39
1184	458,271,335,284	0,0,7,0	251,291,156,235	0,0,0,2	1128	39
1186	23,15,12,7	17,9,13,9	8,7,15,9	1,7,12,1	51	39
1188	57,37,55,19	16,5,11,6	40,42,43,55	0,7,4,11	117	39
1189	108,84,117,34	0,0,0,0	85,102,68,62	0,0,1,0	243	39
1190	108,85,117,34	0,0,3,0	85,102,68,62	0,0,0,0	243	39
1195	6,0,0,2	12,5,11,3	0,0,0,0	2,12,13,4	43	39
1197	17,7,3,0	2,2,0,0	2,6,2,3	1,0,0,0	89	39
1202	135,90,106,109	0,0,0,0	97,104,108,89	0,0,0,2	323	39
1203	65,52,45,51	0,0,0,6	93,141,52,30	0,0,0,0	1699	39
1204	11,22,23,24	4,0,0,0	12,28,14,17	0,0,0,0	45	39
1205	48,62,34,31	25,16,18,21	23,42,50,30	8,20,11,24	87	39
1206	29,43,32,25	4,0,0,0	23,35,30,22	0,4,0,0	87	39
1207	4,6,4,3	77,33,62,30	3,0,5,1	32,90,37,59	244	39
1209	1580,1072,1496,960	2,0,0,0	973,1148,892,985	0,0,0,0	1329	39
1210	11,16,8,7	0,6,0,0	11,12,16,4	1,0,0,7	46	39
1211	7,2,5,7	3,0,0,0	7,0,5,1	0,2,0,0	126	39
1212	61,20,63,58	23,21,18,19	43,58,40,42	18,24,5,17	60	39
1213	16,7,11,10	10,13,18,3	9,23,14,6	15,20,16,5	114	39
1215	68,60,69,47	0,0,0,0	59,50,47,35	1,0,0,0	289	39
1216	562,320,360,352	352,203,280,208	374,414,330,468	325,326,242,276	105	39
1217	2,0,2,0	5,0,0,0	2,0,0,0	2,3,0,0	54	39
1219	291,278,437,240	2,0,0,0	325,306,199,241	0,0,4,0	525	39
1222	56,44,19,0	0,0,0,0	31,70,8,22	0,8,0,5	657	39
1227	25,33,17,8	0,0,0,4	14,14,15,20	0,0,0,0	90	39
1228	19,12,7,9	0,2,0,0	5,11,0,5	2,0,0,0	48	39
1229	2,1,0,0	5,4,5,15	0,0,0,3	6,0,1,2	72	39
1230	7,0,22,2	0,0,0,2	9,5,4,6	0,0,0,0	60	39
1231	0,0,0,0	12,6,9,0	0,0,0,2	13,19,13,14	41	39
1232	8,4,11,0	12,3,6,0	7,25,3,7	5,10,5,4	48	39
1237	0,0,0,3	21,10,10,7	0,0,0,2	13,6,6,3	63	39
1240	0,0,0,0	6,18,28,15	1,0,0,0	18,32,16,11	86	39
1241	11,10,0,1	8,12,1,0	4,0,2,9	3,1,0,4	518	39
1242	0,3,0,0	7,5,6,0	1,0,6,0	5,7,3,5	53	39
1245	298,200,295,185	0,0,0,2	181,202,169,236	0,0,5,0	131	39
1246	78,67,80,49	0,0,0,2	61,91,60,59	0,0,1,0	82	39
1247	3,0,0,3	11,0,0,0	0,0,0,0	2,10,3,6	48	39
1255	4,11,4,2	1,0,3,0	7,0,3,0	0,0,2,0	256	39
1256	4,11,4,2	0,0,1,0	7,0,3,0	2,0,3,8	259	39
1257	1,0,3,0	0,0,1,0	0,0,2,0	2,0,3,8	42	39
1265	1,6,12,2	5,2,0,0	14,24,8,0	3,3,0,0	87	39
1267	2,0,0,0	43,29,41,28	0,0,0,0	41,73,41,31	47	39
1270	182,104,121,79	0,0,0,0	104,115,108,151	0,4,0,0	45	39
1272	2,1,11,7	7,12,1,0	3,7,1,4	10,3,2,11	58	39
1273	0,0,0,4	8,9,22,11	1,0,0,0	9,12,6,6	98	39
1277	6,10,0,0	10,0,14,7	2,0,0,4	13,13,4,4	2170	39
1278	8,2,5,0	36,13,56,19	0,0,4,10	13,28,17,29	88	39
1279	0,0,0,0	3,2,1,0	4,0,0,0	5,13,7,4	143	39
1280	270,176,111,109	0,0,4,0	197,190,141,117	0,0,0,0	829	39
1281	11,8,10,11	0,0,6,0	0,17,3,4	0,0,3,0	253	39
1283	5,0,0,0	37,11,5,1	0,0,0,4	1,24,11,3	54	39
1284	14,0,0,0	6,14,0,7	0,0,0,4	5,3,2,4	54	39
1288	144,82,103,72	64,38,29,6	97,112,76,105	27,37,30,30	43	39
1292	0,0,0,0	4,1,8,4	3,0,0,0	9,2,0,7	44	39
1297	11,6,6,1	15,6,5,3	4,22,13,2	0,0,5,3	129	39
1300	73,45,29,10	68,26,53,33	28,21,20,35	39,53,31,22	45	39
1301	18,5,6,3	75,64,56,57	6,12,3,16	54,33,47,45	87	39
1306	16,3,9,11	0,2,0,0	8,26,14,19	0,0,0,0	64	39
1307	160,123,53,41	0,0,2,0	84,42,61,74	0,0,0,0	2041	39
1308	92,35,59,39	39,13,15,24	45,61,42,59	10,21,20,26	70	39
1310	3,5,0,3	9,1,10,15	0,6,0,0	2,9,3,6	42	39
1312	20,10,19,2	7,1,3,4	9,13,15,1	3,0,0,5	158	39
1313	46,4,44,30	34,20,36,16	31,29,24,37	24,34,13,13	248	39
1316	251,219,157,150	0,0,0,0	212,234,154,194	4,0,3,2	1891	39
1317	11,12,15,3	17,13,24,21	17,5,4,11	23,8,10,8	68	39
1318	115,62,51,74	0,3,0,4	34,55,38,73	0,5,0,0	92	39
1320	6,0,3,6	33,4,53,23	6,10,3,3	18,25,8,15	391	39
1321	3,2,2,4	8,13,8,3	5,12,5,1	3,6,7,6	112	39
1323	49,38,37,9	3,0,0,0	19,39,28,31	0,0,0,0	81	39
1324	9,2,5,0	1,0,0,0	0,1,9,13	0,0,0,0	207	39
1329	188,115,186,137	0,0,0,0	107,122,107,138	0,2,0,0	91	39
1330	0,0,1,3	0,4,0,0	0,0,3,0	0,0,2,0	86	39
1331	23,4,14,22	10,1,7,4	9,18,12,5	1,9,4,2	317	39
1332	8,3,2,6	15,26,26,5	2,3,1,11	14,20,11,14	161	39
1336	4,0,0,0	19,4,25,3	1,3,4,0	5,19,16,11	67	39
1337	4,2,3,0	32,4,4,4	6,5,4,10	2,26,11,15	63	39
1338	13,0,0,0	18,6,1,0	0,0,0,0	11,12,1,5	73	39
1341	0,0,0,3	12,1,9,3	0,3,3,0	11,7,0,5	71	39
1343	0,2,0,0	0,6,0,8	0,0,0,0	1,8,5,3	1560	39
1344	236,189,234,210	0,1,0,0	177,173,224,145	0,0,0,0	1446	39
1347	0,0,0,0	2,8,10,7	0,0,0,1	11,6,18,21	54	39
1352	11,7,6,3	50,34,39,9	2,2,0,0	40,45,36,40	57	39
1353	305,151,248,145	42,10,30,13	136,186,141,142	13,6,11,12	117	39
1354	113,77,111,84	134,86,100,55	70,80,47,80	73,128,45,78	702	39
1356	21,12,15,7	31,16,22,17	27,37,17,29	24,29,26,21	49	39
1357	0,0,0,0	6,4,17,12	0,0,0,2	1,0,3,2	49	39
1358	332,194,282,134	0,0,0,0	204,232,142,167	2,11,0,0	112	39
1359	0,0,0,0	4,5,6,4	0,2,0,0	17,14,5,4	55	39
1360	5,0,0,0	13,3,6,0	2,2,0,0	12,3,18,10	70	39
1361	0,1,3,3	0,0,0,0	5,0,3,4	3,0,0,0	68	39
1364	195,143,146,126	4,3,0,0	186,211,177,152	5,4,3,0	87	39
1365	0,2,0,0	6,0,10,0	0,4,0,0	0,0,3,0	43	39
1368	22,19,40,19	7,0,19,3	14,7,23,11	0,7,3,0	54	39
1374	5,6,8,12	66,32,16,40	17,9,15,12	46,28,23,36	177	39
1376	0,0,0,0	0,0,8,0	0,0,2,0	3,0,0,4	97	39
1377	0,0,0,0	0,0,8,0	0,0,2,0	3,0,0,4	116	39
1379	26,18,33,13	0,0,0,0	16,38,16,22	0,2,0,0	72	39
1381	0,0,0,0	50,17,23,27	0,0,1,0	22,5,20,16	46	39
1382	60,20,52,20	0,0,4,0	41,23,37,39	0,0,0,0	88	39
1383	6,7,2,6	146,100,74,37	25,7,19,1	56,53,42,64	908	39
1385	33,63,36,14	797,413,539,290	4,9,9,27	290,451,272,525	59	39
1387	6,3,0,2	14,6,9,9	3,2,1,0	3,7,5,7	54	39
1388	0,0,0,0	0,1,0,0	1,0,0,0	0,0,0,0	149	39
1389	0,2,0,0	12,8,11,3	1,4,0,0	19,10,7,3	53	39
1390	10,6,0,6	5,0,0,0	0,0,1,7	0,0,0,0	57	39
1391	471,342,288,202	4,3,7,6	341,265,251,362	2,0,2,2	1426	39
1397	3,0,0,0	0,0,0,0	0,0,2,0	0,0,2,0	63	39
1409	18,11,26,20	9,10,5,0	12,16,3,3	1,5,9,6	684	39
1411	16,7,0,0	5,0,3,0	5,0,9,6	6,8,0,14	41	39
1413	823,384,801,470	639,434,872,454	530,500,353,527	530,598,449,655	72	39
1415	956,636,687,393	1770,835,1451,880	585,725,410,573	1059,1272,876,1289	272	39
1418	1,0,0,0	0,0,0,0	2,0,0,9	0,0,0,3	108	39
1419	84,52,58,59	0,1,0,0	73,39,54,77	0,3,0,0	180	39
1420	8,14,12,8	22,1,27,9	10,3,3,6	10,5,9,9	48	39
1422	9,7,9,5	9,11,5,10	6,13,9,18	8,12,2,0	65	39
1425	0,0,0,0	0,0,2,0	2,0,0,0	1,0,0,3	61	39
1427	4,1,0,5	99,47,76,55	2,1,5,0	71,46,71,27	42	39
1429	185,160,109,52	0,0,0,0	173,118,121,134	0,0,0,4	576	39
1433	52,35,38,13	0,0,2,0	36,63,10,41	0,0,0,2	1641	39
1435	0,0,0,0	1,0,1,2	2,0,0,0	4,11,0,5	43	39
1436	0,4,11,0	8,0,7,1	4,0,1,0	11,7,1,8	117	39
1437	59,51,17,42	9,11,0,0	56,28,28,9	5,7,6,1	408	39
1440	2,0,0,0	25,16,20,28	0,0,0,0	22,10,31,26	52	39
1442	3,3,0,0	31,23,12,13	0,5,0,4	28,32,21,26	130	39
1443	130,121,169,106	24,2,24,2	147,168,120,116	14,16,9,1	48	39
1447	25,20,16,3	1,0,0,0	9,14,18,21	0,0,0,0	82	39
1448	2,1,0,0	0,2,8,5	3,0,0,0	5,7,11,13	91	39
1450	31,48,24,29	0,0,0,0	46,31,24,31	0,0,1,0	1115	39
1454	4,3,0,12	53,18,31,40	8,2,0,3	22,18,27,29	99	39
1456	0,0,5,0	0,0,0,0	0,0,0,0	0,2,0,0	42	39
1459	51,18,35,10	20,22,13,11	41,6,31,33	18,6,19,7	247	39
1462	0,3,0,0	17,7,7,0	0,0,1,3	6,7,1,5	66	39
1463	44,11,28,18	0,2,0,0	17,11,13,29	0,0,0,0	69	39
1469	4079,2462,3869,2453	2,3,0,0	2891,3267,2390,3122	0,3,0,0	384	39
1473	16,12,17,12	0,0,0,0	5,28,8,8	0,0,2,3	81	39
1474	32,20,32,18	0,0,0,0	13,37,17,18	0,0,2,3	103	39
1475	16,8,15,6	0,0,0,0	8,16,9,10	0,7,0,0	61	39
1476	18,12,17,15	3,0,0,0	5,21,8,9	0,3,7,0	81	39
1477	26,15,23,13	3,0,0,0	10,23,11,17	0,3,7,0	103	39
1478	71,52,46,49	3,0,0,0	31,64,24,53	0,3,7,0	422	39
1479	10,3,6,1	2,0,0,3	5,2,3,9	0,0,0,1	61	39
1480	55,40,29,37	2,0,0,3	26,43,16,45	0,0,0,1	380	39
1481	45,37,23,36	0,0,0,0	21,41,14,36	0,0,1,0	358	39
1482	134,94,60,49	0,0,0,0	78,106,65,64	1,0,0,0	165	39
1483	172,125,91,87	34,3,20,8	108,167,93,96	16,4,18,7	165	39
1487	3,2,2,0	0,4,0,5	0,1,1,0	0,0,0,0	50	39
1491	1,0,4,0	0,5,17,0	2,0,1,0	6,1,3,5	65	39
1492	0,11,5,0	0,0,8,0	4,0,4,2	0,0,0,0	172	39
1498	258,167,172,147	1,0,0,0	171,191,129,225	0,0,0,0	63	39
1501	62,31,85,67	2,0,3,0	53,91,44,47	0,0,0,0	172	39
1503	207,175,221,85	0,0,0,0	107,140,86,155	0,0,0,3	57	39
1504	24,15,0,0	101,47,77,23	7,3,2,4	46,71,63,57	42	39
1505	92,57,78,47	2,0,10,0	63,56,54,56	0,8,1,2	106	39
1510	15,16,7,5	0,0,0,0	3,9,6,7	0,0,3,2	97	39
1513	2,0,7,0	447,259,336,231	5,0,1,9	295,371,232,377	58	39
1514	54,29,46,33	0,4,6,2	22,14,41,27	0,0,0,7	58	39
1515	35,18,16,15	11,8,5,0	18,26,17,8	0,5,2,2	147	39
1516	475,263,211,223	8,0,18,3	263,347,249,249	0,3,6,2	165	39
1517	235,127,149,102	0,0,0,0	122,126,110,130	0,0,2,0	72	39
1518	16,18,16,9	1,0,0,0	5,17,18,7	0,0,0,0	47	39
1520	23,12,22,16	42,21,41,25	12,10,24,18	57,70,31,46	66	39
1521	16,4,9,7	12,11,2,9	13,9,9,4	14,4,2,8	66	39
1522	46,38,36,53	0,2,0,0	48,31,16,44	0,0,2,4	50	39
1531	0,0,0,0	3,0,0,0	1,0,0,0	0,0,0,0	177	39
1536	80,14,15,4	36,23,17,34	5,8,5,12	36,24,15,47	393	39
1538	0,0,1,5	12,4,4,0	0,3,0,4	11,10,2,0	69	39
1539	4,3,7,0	0,0,4,0	7,0,2,0	0,0,0,0	51	39
1540	6,0,0,0	3,5,2,8	0,0,1,1	1,7,1,4	59	39
1541	9,6,6,8	6,2,11,12	6,6,14,15	4,1,1,1	51	39
1545	226,236,135,95	1,0,0,6	227,206,227,99	4,0,0,2	369	39
1548	102,83,50,46	51,16,29,21	76,60,55,36	39,34,9,28	349	39
1549	106,72,107,59	0,0,2,0	75,94,65,57	3,0,0,0	492	39
1550	12,5,8,3	187,111,149,80	18,4,5,39	110,121,82,147	302	39
1551	21,15,16,2	21,22,1,9	12,4,15,17	13,4,3,3	900	39
1556	20,2,10,9	13,4,5,2	9,6,18,17	8,0,2,2	60	39
1557	164,157,87,85	44,46,42,46	217,226,115,144	33,43,31,32	1336	39
1559	0,0,2,0	19,11,23,23	3,0,0,0	7,1,6,26	46	39
1561	0,3,7,0	18,10,14,24	0,0,1,0	12,19,15,22	98	39
1562	0,3,10,0	0,4,0,0	0,0,4,1	0,0,0,0	103	39
1563	18,10,17,24	0,4,0,0	12,19,18,23	0,0,0,0	44	39
1565	1,3,0,0	4,1,5,4	0,0,0,0	0,0,2,2	100	39
1566	126,63,75,40	15,4,5,7	64,79,34,70	5,8,3,7	93	39
1568	12,8,0,2	20,8,5,4	3,0,5,2	4,5,7,0	391	39
1570	10,0,2,5	1,0,0,0	5,1,6,0	0,0,0,0	78	39
1575	21,11,42,32	20,0,0,5	37,24,12,3	3,0,0,4	1039	39
1576	22,0,14,14	13,5,2,6	10,24,2,23	8,0,4,3	566	39
1577	0,0,0,0	14,3,4,4	5,3,0,0	10,0,4,5	69	39
1579	10,3,1,8	41,9,4,6	3,0,0,8	7,6,9,23	45	39
1580	18,11,5,11	0,0,0,6	9,11,2,0	0,2,3,0	71	39
1590	11,3,4,0	69,86,109,40	1,0,5,8	66,95,70,75	53	39
1591	42,39,63,60	3,0,0,0	37,38,39,54	0,0,0,0	44	39
1599	10,7,6,6	2,0,2,0	24,9,6,16	0,0,0,0	258	39
1600	10,13,0,0	18,6,22,9	6,3,4,10	8,3,1,11	51	39
1605	2,11,2,0	42,40,37,17	0,0,2,4	25,27,25,26	43	39
1606	128,116,68,58	0,0,0,0	43,74,59,39	0,0,1,3	108	39
1607	168,145,103,75	0,0,0,0	68,101,82,61	0,0,1,3	104	39
1608	17,11,19,2	21,21,40,25	8,3,6,2	19,18,23,30	103	39
1609	3,0,1,0	40,33,47,19	0,0,1,3	24,20,36,23	64	39
1610	3,0,0,0	0,0,0,0	1,0,3,0	0,0,0,3	202	39
1613	0,3,0,0	0,3,0,0	4,2,0,0	0,3,0,0	60	39
1614	136,73,113,92	3,0,0,0	103,109,77,82	0,0,1,0	87	39
1615	40,46,34,63	13,12,15,0	38,53,20,23	13,6,7,7	57	39
1617	3,4,11,3	0,1,3,0	2,9,0,7	7,8,1,3	51	39
1620	191,104,144,82	5,0,0,0	128,126,113,119	0,0,0,0	207	39
1622	0,0,0,4	0,0,0,0	3,0,0,0	0,3,0,2	51	39
1624	0,0,0,1	1,0,0,0	1,16,2,0	0,5,0,6	48	39
1625	19,10,12,2	6,9,10,2	15,4,8,16	2,5,8,5	51	39
1628	904,594,740,529	0,0,9,0	524,615,459,464	0,0,0,0	222	39
1629	0,0,0,0	39,29,44,12	0,1,2,1	20,34,30,17	43	39
1637	38,10,26,32	5,4,0,0	13,53,21,13	0,10,0,0	257	39
1638	18,14,6,10	30,41,64,21	11,50,11,40	32,40,45,40	230	39
1639	539,457,502,346	2,0,2,0	376,403,331,472	0,0,0,0	171	39
1640	0,0,0,0	8,11,8,5	4,0,0,2	7,1,0,3	88	39
1641	5,0,0,0	16,3,12,1	0,0,1,0	16,14,5,7	44	39
1649	115,70,53,29	47,22,41,18	63,68,51,74	41,51,51,32	141	39
1651	6,0,3,0	3,2,12,5	3,0,0,1	8,1,6,0	200	39
1652	4,0,4,0	20,12,14,10	0,0,0,0	19,10,15,5	47	39
1657	0,0,0,1	4,7,11,9	0,0,0,0	14,28,25,5	71	39
1658	32,16,34,52	0,0,0,0	39,22,30,30	1,0,0,0	90	39
1659	93,59,95,41	0,2,0,0	35,66,34,81	0,0,0,0	130	39
1660	6,3,0,0	44,14,25,17	3,1,0,16	24,23,9,20	117	39
1661	3,0,0,0	29,18,18,7	0,4,1,8	12,0,8,25	56	39
1662	73,12,29,18	6,2,9,1	29,46,13,27	1,0,2,6	54	39
1664	0,0,0,0	42,18,11,28	3,0,2,5	21,15,14,28	161	39
1666	1,7,0,1	7,0,0,0	1,0,1,3	2,0,0,0	140	39
1668	7,11,8,5	11,8,0,4	14,8,19,6	3,7,6,0	1178	39
1670	8,2,2,0	5,0,6,6	5,0,2,2	8,0,6,5	47	39
1671	2,0,15,3	0,0,0,0	8,12,5,3	0,3,0,0	76	39
1672	294,196,228,92	3,0,2,0	82,184,100,133	0,0,0,7	499	39
1676	6,14,21,2	220,125,269,167	12,6,6,19	146,199,153,216	43	39
1678	0,5,0,2	85,74,50,48	0,5,0,0	40,25,32,64	94	39
1680	21,21,31,13	2,0,3,0	18,24,17,14	0,3,2,6	279	39
1682	0,0,0,0	102,73,44,89	0,0,2,0	53,55,38,55	44	39
1683	0,0,0,4	9,5,2,0	1,0,0,4	10,7,5,3	275	39
1684	3,0,11,3	14,1,12,11	1,4,3,0	13,2,6,18	43	39
1686	0,0,0,0	1,0,0,0	2,0,0,0	0,0,0,0	93	39
1687	7,8,10,0	4,9,4,9	3,2,10,5	3,12,17,11	48	39
1688	33,37,28,43	1,2,2,5	17,8,32,28	11,9,2,3	126	39
1689	50,44,51,64	1,2,2,5	31,24,48,55	11,9,2,3	129	39
1690	20,7,23,23	3,0,0,2	14,18,16,27	0,2,0,0	42	39
1692	6,2,0,0	4,0,0,0	0,1,1,4	1,0,2,11	45	39
1693	26,15,14,13	5,4,1,7	16,38,12,10	5,3,8,10	219	39
1694	7,9,8,10	1,0,0,0	7,3,4,4	0,0,0,3	43	39
1700	10,2,0,0	0,11,3,2	0,4,6,2	4,2,4,0	132	39
1704	125,87,92,87	0,0,0,0	83,106,68,95	2,0,0,0	65	39
1705	2,12,0,0	19,20,5,26	6,4,0,1	19,17,13,7	142	39
1706	271,214,274,167	7,0,0,0	170,249,213,244	0,5,1,0	618	39
1707	283,224,289,167	4,0,0,0	185,280,224,256	4,0,0,2	689	39
1708	288,222,279,193	7,0,0,0	183,262,226,250	0,5,1,0	515	39
1709	300,232,294,193	4,0,0,0	198,293,237,262	4,0,0,2	586	39
1710	19,10,15,0	4,0,0,0	15,36,12,12	4,0,0,2	110	39
1712	0,4,0,0	2,3,0,0	0,0,0,0	1,0,0,0	137	39
1714	14,0,21,9	0,1,0,5	6,8,6,16	2,0,2,0	69	39
1719	16,20,40,25	71,28,31,32	44,21,18,32	34,42,23,52	218	39
1721	1,14,0,0	0,2,7,0	2,7,0,2	2,5,0,3	164	39
1723	11,0,13,6	22,16,6,5	2,7,4,0	11,15,8,13	56	39
1725	3,5,1,0	16,11,5,5	4,10,0,0	2,9,8,5	51	39
1727	9,0,8,9	0,0,0,0	6,7,3,1	0,0,0,4	57	39
1730	2,0,0,0	2,4,0,0	0,0,0,0	1,0,0,0	49	39
1731	56,43,43,39	17,19,20,8	29,30,36,45	23,3,6,16	45	39
1733	5,4,7,0	3,0,0,0	10,0,4,10	0,7,0,0	51	39
1735	4,0,3,0	57,25,28,39	0,0,0,0	22,29,40,34	48	39
1736	958,627,636,403	5,0,3,1	515,698,534,510	2,1,0,5	2927	39
1737	105,83,94,65	45,19,38,32	99,97,71,99	29,52,24,63	96	39
1741	37,11,20,13	9,13,1,10	8,24,9,9	5,12,1,0	50	39
1742	112,113,115,40	1,0,0,0	71,95,47,67	1,0,0,0	263	39
1747	160,90,138,54	2,0,0,0	60,114,87,127	0,0,0,0	103	39
1749	2,0,0,0	5,1,14,4	0,0,0,0	5,0,5,0	50	39
1754	0,0,1,0	9,10,5,16	0,6,0,0	6,9,7,8	48	39
1755	5,2,3,0	0,0,9,0	0,0,2,1	9,3,0,4	62	39
1758	7,3,0,3	51,31,21,35	7,21,20,4	24,19,21,29	431	39
1759	0,2,0,2	37,33,31,20	10,1,0,0	27,37,23,30	46	39
1760	10,0,0,0	4,2,5,15	1,0,0,1	4,3,17,11	69	39
1761	5,0,6,0	0,1,1,0	1,0,0,1	0,0,0,0	69	39
1764	35,24,34,16	38,28,46,39	21,34,30,28	45,36,29,33	66	39
1765	22,8,14,6	2,0,2,0	7,13,4,22	1,0,0,0	41	39
1772	52,27,18,31	0,0,0,4	16,36,14,18	0,0,0,1	67	39
1773	0,0,0,0	22,9,1,9	1,0,0,0	1,6,4,16	83	39
1777	9,9,2,8	4,3,4,0	6,16,2,6	0,3,5,2	50	39
1778	2662,1864,2213,1571	6,7,2,4	1745,2085,1588,1944	0,0,2,0	1470	39
1779	544,463,342,243	0,4,0,0	443,433,355,452	0,0,0,0	189	39
1782	39,3,33,15	16,8,17,20	40,60,24,36	14,13,13,16	195	39
1784	2060,1333,1869,1105	0,0,0,0	1345,1449,1051,1478	0,0,0,4	80	39
1785	115,84,69,53	2,3,0,0	65,60,70,62	0,0,0,0	48	39
1786	113,85,60,93	13,6,6,1	88,76,74,86	1,2,0,9	116	39
1787	173,185,158,108	0,0,0,0	150,141,90,114	1,0,0,0	579	39
1788	0,0,3,0	103,57,66,56	1,0,0,0	57,37,44,51	166	39
1790	4,0,7,0	2,6,4,0	3,0,5,1	6,0,0,2	208	39
1792	0,0,0,0	3,0,5,0	1,0,0,0	0,5,0,6	51	39
1793	422,205,259,211	0,0,0,0	214,300,177,282	0,4,0,0	106	39
1794	66,54,75,77	5,0,12,5	42,55,50,77	6,2,4,8	118	39
1796	34,24,17,2	0,0,0,0	8,25,5,14	0,2,0,0	366	39
1798	14,0,4,3	22,14,15,2	3,0,2,11	11,6,9,3	99	39
1799	0,6,0,0	6,7,11,0	5,8,11,0	8,5,6,16	66	39
1806	15,8,12,0	32,27,23,23	2,8,4,5	29,29,15,14	142	39
1807	1,5,1,4	7,12,14,4	5,1,13,6	6,7,8,2	117	39
1808	93,81,107,62	0,0,0,0	72,92,76,62	0,2,0,0	324	39
1809	10,0,16,8	48,19,20,19	3,0,5,0	14,12,23,16	175	39
1814	18,5,0,0	204,96,146,134	3,6,4,8	143,186,97,132	46	39
1817	3,5,2,6	356,218,282,161	1,1,0,0	186,243,92,129	84	39
1818	261,146,357,160	2,0,0,0	173,186,123,194	0,4,0,0	222	39
1820	14,13,1,9	43,19,19,13	6,25,14,6	26,60,22,32	54	39
1822	55,37,22,33	0,0,0,0	48,76,62,28	0,0,3,0	618	39
1825	25,3,10,6	3,0,0,0	13,16,11,22	0,0,0,0	66	39
1826	25,4,12,4	1,2,2,0	13,16,5,21	7,0,7,2	66	39
1828	6,0,0,0	10,12,11,0	0,0,5,0	5,0,2,10	553	39
1829	10,4,0,3	138,84,132,97	7,15,2,0	100,98,67,72	52	39
1830	23,10,15,8	2,0,0,0	12,14,20,16	0,0,0,0	71	39
1831	0,3,0,0	16,7,24,0	0,1,0,0	17,9,16,0	52	39
1832	20,0,19,3	1,5,13,0	10,5,6,12	9,4,9,3	43	39
1834	112,58,72,49	13,8,18,8	71,53,45,49	15,24,16,10	84	39
1835	415,378,325,261	2,2,0,0	376,433,266,334	0,0,0,0	388	39
1838	8,3,3,7	0,0,0,4	6,9,5,0	0,0,0,0	84	39
1840	104,49,87,44	18,13,23,9	87,31,54,68	4,15,9,14	251	39
1841	64,42,42,37	0,0,0,6	19,53,37,23	1,0,0,3	53	39
1843	60,52,88,42	5,0,0,0	35,37,36,70	0,7,0,0	60	39
1846	40,27,24,44	100,70,76,43	24,28,26,17	43,58,34,56	69	39
1853	0,1,1,0	6,0,0,0	0,0,2,0	0,5,0,5	67	39
1856	0,0,0,0	2,5,0,3	0,7,0,0	3,2,1,0	69	39
1857	7,16,12,5	179,65,136,46	17,7,13,9	71,87,58,74	150	39
1858	28,22,21,14	7,2,0,6	17,25,13,18	4,0,2,4	67	39
1859	32,18,17,10	14,12,18,4	33,32,7,18	18,6,8,4	712	39
1863	9,4,4,13	3,0,3,0	20,9,0,10	2,4,3,0	343	39
1864	6,2,2,3	165,90,117,124	4,0,2,2	85,37,89,132	191	39
1865	49,39,42,36	9,8,0,5	36,62,46,52	9,6,9,3	45	39
1866	8,2,1,0	5,0,0,2	2,0,0,2	0,5,0,5	236	39
1867	18,15,3,0	0,0,0,0	8,5,1,15	0,0,0,2	268	39
1870	101,62,56,29	1,7,6,0	40,72,55,63	0,0,0,2	97	39
1875	661,463,533,434	0,1,0,0	426,513,428,481	2,0,0,0	69	39
1876	1065,601,713,447	4,1,5,0	640,760,520,649	0,0,1,0	192	39
1877	2,0,5,0	1,0,2,0	0,14,1,1	3,14,0,0	93	39
1879	9,6,20,7	78,57,74,52	5,0,10,6	32,49,22,50	44	39
1884	53,38,20,45	0,0,0,0	38,55,24,39	0,6,0,0	74	39
1885	1,0,0,0	18,8,10,1	0,0,0,0	25,29,3,15	155	39
1886	9,7,0,0	2,0,0,0	10,12,2,5	0,0,0,0	84	39
1887	55,6,34,9	0,0,5,0	30,55,13,25	1,0,0,0	584	39
1888	9,0,0,3	4,3,25,0	0,4,4,0	7,0,3,11	53	39
1890	20,2,12,7	12,6,8,3	5,9,6,14	3,7,3,10	58	39
1892	120,36,64,51	0,0,1,0	72,47,35,65	0,0,0,0	326	39
1895	198,90,79,40	4,0,0,0	35,63,17,58	0,0,0,0	387	39
1896	134,74,57,82	13,0,6,1	107,105,56,112	6,3,3,3	134	39
1897	242,119,180,125	13,0,6,1	192,194,139,176	6,3,3,3	186	39
1898	216,115,164,122	13,0,6,1	174,171,126,155	6,3,3,3	188	39
1899	226,124,162,127	13,0,6,1	182,174,136,160	6,3,3,3	217	39
1900	112,47,125,43	4,2,2,0	87,95,83,66	2,6,0,2	91	39
1901	86,43,109,40	4,2,2,0	69,72,70,45	2,6,0,2	93	39
1902	96,52,107,45	4,2,2,0	77,75,80,50	2,6,0,2	122	39
1903	0,0,4,6	26,4,20,9	0,0,0,1	18,23,13,22	41	39
1904	10,9,2,11	26,4,20,9	8,3,10,6	18,23,13,22	70	39
1905	10,9,2,5	0,0,4,0	8,3,10,6	0,0,0,1	68	39
1909	9,5,2,0	4,5,18,13	6,0,0,0	16,20,1,6	63	39
1910	147,74,93,108	4,1,4,0	107,97,46,72	5,0,3,3	117	39
1911	1,1,0,8	34,0,5,6	0,0,0,1	12,10,10,13	43	39
1915	105,33,75,28	0,0,0,0	50,66,61,51	0,8,0,0	851	39
1916	1294,773,1194,908	8,7,0,0	848,869,754,869	1,0,0,4	48	39
1918	3,0,0,0	4,1,5,3	0,8,0,0	0,0,9,0	46	39
1919	11,5,0,3	19,22,8,11	4,0,8,6	17,28,15,19	105	39
1921	3,0,0,0	3,4,5,0	3,0,4,4	1,6,0,0	51	39
1924	0,0,0,0	0,1,3,1	0,2,2,0	0,0,0,0	43	39
1926	0,0,0,7	0,4,0,0	0,0,0,0	0,2,0,5	114	39
1928	77,69,31,28	0,0,5,0	44,68,49,48	0,0,0,0	587	39
1934	54,24,41,29	0,0,0,0	24,47,33,33	1,0,0,0	68	39
1938	5,2,3,0	2,4,0,2	6,0,2,0	0,0,0,0	181	39
1941	3,0,0,1	39,32,33,24	5,0,0,1	34,40,31,18	51	39
1942	423,342,363,204	214,195,255,176	374,385,201,359	182,227,157,219	221	39
1948	121,103,57,46	0,3,0,0	86,76,45,79	0,0,0,0	202	39
1949	5,1,4,0	25,16,9,10	0,0,0,2	11,29,4,6	93	39
1950	1,3,0,0	21,7,8,4	0,0,0,2	5,20,0,8	78	39
1951	2,0,0,0	25,20,26,26	0,4,0,0	12,16,4,21	56	39
1953	9,1,0,0	12,18,25,17	0,14,1,0	15,15,17,8	51	39
1955	12,0,2,0	210,121,282,149	12,0,3,5	182,206,99,150	45	39
1956	166,162,197,101	29,25,28,18	125,119,87,141	21,26,17,23	176	39
1958	1,0,0,0	19,2,10,3	2,1,0,6	2,0,7,10	122	39
1965	0,0,0,0	29,13,21,18	5,0,0,0	4,38,7,23	67	39
1970	30,4,18,9	237,176,185,116	11,6,10,10	149,178,124,172	56	39
1971	10,0,0,0	14,19,21,14	1,1,1,0	5,2,13,12	612	39
1973	4,1,0,0	47,29,41,17	1,3,1,4	23,19,13,20	59	39
1974	6258,3604,5221,3512	6,1,5,0	4097,4735,3358,4538	2,4,0,0	121	39
1975	16,11,10,12	15,4,20,5	3,19,9,40	3,1,6,21	51	39
1976	1,3,7,2	71,42,117,48	5,0,2,0	29,71,36,73	118	39
1979	0,0,1,0	3,12,0,8	0,0,0,0	11,7,7,0	49	39
1983	120,77,94,67	0,0,5,0	49,51,55,24	0,0,0,0	758	39
1985	7,24,11,23	149,160,103,127	32,5,34,10	163,110,101,136	966	39
1987	6,0,16,3	0,0,0,3	0,11,8,8	0,0,0,0	102	39
1992	1,0,0,0	3,0,0,0	0,0,0,0	0,0,2,5	118	39
1993	12,6,15,14	27,19,65,22	9,7,11,11	43,53,31,38	95	39
2001	1,2,4,7	194,171,184,126	17,10,1,2	143,163,83,136	127	39
2002	110,62,99,101	3,5,8,3	97,135,95,130	1,0,3,4	66	39
2003	19,7,18,4	2,0,0,0	16,20,12,13	0,0,5,0	133	39
2004	5,0,5,0	142,66,112,53	0,1,3,1	59,52,60,63	89	39
2006	274,111,171,164	0,0,0,4	126,156,65,146	3,0,0,0	127	39
2008	4,1,1,2	26,2,8,2	2,0,11,6	8,8,7,8	390	39
2009	7,4,5,3	37,14,44,18	3,10,1,17	35,41,40,38	79	39
2010	2,18,14,10	29,10,0,8	14,18,3,15	18,8,15,18	127	39
2011	464,363,455,336	0,0,0,0	443,482,332,421	1,0,0,0	42	39
2013	13,5,15,13	20,13,15,17	17,7,1,13	9,24,2,4	57	39
2015	0,0,0,0	8,0,2,5	1,0,0,2	0,0,0,0	43	39
2017	0,4,14,5	0,1,0,2	0,3,0,8	0,0,0,0	45	39
2021	136,76,110,72	7,4,0,0	114,157,68,107	3,0,2,5	168	39
2022	10,9,11,9	1,0,0,0	13,9,10,5	1,0,0,0	41	39
2023	3,3,0,6	0,0,0,0	2,4,7,0	1,0,6,0	50	39
2024	0,0,3,0	8,0,3,0	3,0,0,0	2,0,3,0	57	39
2027	0,0,0,0	47,10,22,6	6,0,0,0	21,29,25,12	44	39
2032	0,0,22,0	0,0,1,2	4,0,6,0	3,0,1,0	1476	39
2033	2,0,1,0	4,8,17,4	0,0,5,0	9,3,3,0	150	39
2034	0,5,3,2	1,2,2,0	1,0,0,0	2,0,0,0	60	39
2035	39,18,14,5	36,29,26,24	28,51,43,26	22,30,17,38	153	39
2037	54,41,44,28	11,19,9,20	41,51,23,38	23,11,12,11	45	39
2038	57,58,21,39	1,12,10,10	49,41,28,37	11,11,7,5	45	39
2039	2,0,0,0	62,31,31,36	0,0,0,0	20,46,23,29	120	39
2040	3,4,6,0	22,9,7,12	0,2,0,0	8,0,2,5	63	39
2042	0,0,11,0	0,0,0,0	2,0,0,0	7,0,0,0	56	39
2043	0,0,11,0	0,0,0,0	2,0,0,0	0,4,0,0	50	39
2044	176,117,131,52	3,0,0,0	118,122,88,122	0,0,0,0	531	39
2045	81,48,66,29	0,0,0,0	45,77,43,61	1,0,0,0	82	39
2046	216,130,154,70	0,0,1,0	144,167,101,141	0,0,2,0	531	39
2048	9,3,7,3	103,93,96,71	5,7,3,0	65,118,69,106	54	39
2049	73,80,57,35	25,15,24,7	60,78,48,63	7,11,14,12	66	39
2050	0,0,3,9	2,0,0,0	0,0,9,11	0,0,0,0	267	39
2052	55,46,75,49	0,1,0,0	70,61,41,39	0,0,0,0	69	39
2054	0,0,0,0	36,18,19,35	0,3,0,0	37,20,14,34	109	39
2055	132,87,132,56	0,0,0,0	104,77,84,48	2,0,0,0	436	39
2056	3610,1869,2483,1539	27,23,35,16	1929,2155,1855,2116	11,25,41,38	45	39
2059	16,16,0,16	16,11,8,9	17,17,1,3	4,13,7,15	121	39
2060	6,15,3,0	0,0,0,5	1,12,12,5	0,0,2,0	70	39
2062	0,0,0,0	3,0,0,0	0,0,0,3	0,0,3,3	52	39
2066	133,81,102,63	0,3,0,9	60,117,84,87	0,0,0,0	102	39
2069	4,0,0,2	102,105,114,92	0,3,1,1	88,75,58,146	41	39
2074	7,5,3,4	1,0,0,0	11,7,8,18	0,0,0,0	44	39
2076	1,2,0,0	0,0,0,0	2,0,0,0	1,0,0,0	83	39
2082	50,13,58,30	719,447,678,432	22,50,26,33	441,622,403,472	164	39
2083	2,0,0,0	0,1,0,0	10,0,0,1	0,0,0,0	263	39
2084	128,83,63,67	0,4,0,0	60,49,59,64	9,0,0,5	91	39
2087	0,0,0,0	0,0,0,5	0,0,4,3	6,0,0,0	51	39
2088	3,2,8,4	15,11,0,0	1,0,4,3	5,0,0,1	109	39
2090	61,34,37,32	15,4,17,7	45,52,33,21	10,5,11,6	123	39
2092	0,0,0,0	13,5,37,12	5,0,3,0	8,15,10,13	47	39
2094	25,21,9,18	4,2,0,0	17,28,22,25	0,0,1,0	574	39
2095	0,0,0,0	3,1,16,0	0,2,0,0	8,7,0,10	43	39
2096	1,4,6,5	8,2,10,0	6,18,4,1	6,1,2,2	69	39
2099	57,32,52,25	0,0,0,0	27,105,38,53	3,1,0,0	519	39
2100	539,365,530,293	149,93,119,104	324,301,325,299	95,118,70,130	60	39
2101	528,353,508,268	5,2,7,1	311,276,312,291	6,0,8,14	57	39
2102	16,14,29,26	149,93,119,104	19,25,21,22	95,118,70,130	42	39
2104	3,4,0,0	29,5,20,4	3,0,0,0	8,7,15,18	199	39
2105	52,33,26,4	0,1,0,0	31,20,10,18	0,0,0,0	69	39
2106	94,55,48,16	1,0,2,2	38,32,27,27	3,9,0,0	86	39
2107	42,23,22,12	1,0,2,2	7,12,17,9	3,9,0,0	56	39
2108	1,0,0,0	51,16,45,12	0,0,0,0	25,27,24,39	115	39
2111	10,10,7,1	0,0,0,0	16,9,4,8	1,0,0,0	73	39
2114	0,0,0,0	5,1,1,0	3,0,0,5	3,0,0,3	166	39
2116	10,5,0,9	0,0,0,0	13,9,13,11	1,0,0,1	107	39
2117	76,67,82,37	0,0,0,0	92,63,68,54	1,0,0,0	426	39
2118	152,52,70,139	0,0,0,0	141,175,101,157	0,6,0,0	809	39
2120	13,22,27,9	0,0,0,0	18,16,9,20	1,0,0,0	124	39
2122	19,7,2,8	0,3,0,0	6,14,4,2	1,0,0,0	45	39
2123	0,2,2,6	6,0,0,0	1,1,2,7	1,0,0,3	80	39
2124	0,0,3,0	14,5,13,0	0,0,0,0	5,8,1,0	48	39
2125	0,0,0,4	10,3,3,1	0,3,0,0	4,1,3,3	61	39
2137	77,22,66,40	5,0,0,5	47,56,39,59	4,15,5,0	45	39
2138	7,3,1,8	40,18,35,10	2,0,5,16	20,38,28,42	103	39
2139	87,89,55,33	1,0,0,0	37,67,41,57	0,0,0,0	890	39
2142	14,18,18,6	0,0,0,0	6,4,10,14	1,0,1,0	81	39
2144	186,95,129,106	0,0,0,0	140,132,92,124	1,0,0,0	942	39
2145	150,83,101,71	0,1,0,0	106,93,69,80	0,0,0,0	564	39
2147	20,10,22,0	79,26,38,50	11,47,20,13	41,46,33,41	1839	39
2149	33,17,23,14	0,0,9,0	15,46,12,14	0,4,0,6	41	39
2153	0,0,1,0	2,0,0,1	0,0,0,0	0,2,0,0	109	39
2155	0,0,0,0	5,0,4,0	0,0,3,0	5,0,5,0	51	39
2156	790,546,699,439	0,0,4,0	544,512,440,539	0,0,0,0	381	39
2157	3,1,0,0	3,2,10,1	0,4,0,0	2,0,0,0	42	39
2158	2,0,0,0	3,1,0,3	0,0,0,0	1,0,1,5	42	39
2159	4,1,0,0	3,0,3,0	1,0,0,3	0,5,2,0	44	39
2162	36,71,26,17	108,67,130,71	19,45,58,21	98,44,49,85	45	39
2164	3,0,0,0	0,5,12,1	1,0,0,4	5,6,10,0	128	39
2165	20,4,0,1	56,58,73,23	3,6,4,1	53,54,27,56	48	39
2166	0,3,0,0	7,5,1,0	0,0,2,0	3,2,3,4	68	39
2168	2,0,7,0	11,1,1,0	2,0,5,7	7,7,12,4	1253	39
2169	0,1,0,0	18,15,16,7	0,0,0,0	14,6,5,15	52	39
2172	151,100,165,109	6,0,0,0	125,115,105,158	4,3,0,4	69	39
2173	253,187,280,138	0,0,0,0	207,253,165,184	0,7,0,0	206	39
2174	6,3,0,0	51,14,26,25	0,3,1,12	34,30,26,33	111	39
2175	0,1,0,2	0,0,5,0	0,0,0,0	4,0,0,0	138	39
2176	11,1,1,1	0,0,0,0	6,11,3,13	0,3,0,0	138	39
2178	4,7,7,2	1,0,0,0	6,8,19,7	0,0,2,0	109	39
2185	11,12,0,2	0,0,0,0	3,15,21,8	0,0,1,0	49	39
2187	4,4,6,0	1,8,8,0	3,5,3,4	0,3,0,0	57	39
2188	26,16,13,13	3,0,4,0	9,10,16,8	1,3,0,0	130	39
2189	44,31,18,22	15,3,18,11	10,19,25,14	13,6,5,15	180	39
2190	23,20,15,13	3,0,4,0	6,8,13,4	1,3,0,0	112	39
2191	41,35,20,22	15,3,18,11	7,17,22,10	13,6,5,15	162	39
2192	21,15,9,9	15,3,18,11	2,12,9,6	13,6,5,15	89	39
2196	8,0,0,0	3,6,4,0	0,0,0,9	3,0,11,1	180	39
2197	89,44,51,27	0,0,0,0	60,52,42,44	0,0,2,0	91	39
2202	11,18,5,0	5,15,8,5	37,23,4,8	14,20,11,9	572	39
2205	10,10,11,2	0,0,0,0	5,8,11,7	3,0,0,0	1697	39
2209	2,2,5,0	16,11,2,6	3,6,0,4	5,12,11,13	55	39
2212	2,3,2,0	20,27,16,27	4,2,4,14	26,34,8,17	82	39
2213	32,18,15,17	33,8,20,8	6,29,25,15	13,22,18,37	42	39
2216	25,49,46,29	0,0,6,0	47,33,21,34	2,0,0,1	98	39
2217	5,10,0,4	31,31,11,13	1,5,0,0	12,12,16,11	110	39
2219	24,2,7,23	23,1,11,13	23,11,13,9	12,19,6,11	66	39
2220	219,94,164,97	23,1,11,13	137,96,86,127	12,19,6,11	193	39
2221	196,93,157,74	1,1,0,0	116,89,76,118	2,4,3,0	166	39
2222	150,103,148,73	0,0,0,0	85,84,68,88	0,0,1,0	84	39
2224	357,176,236,209	1,2,1,0	172,199,150,105	2,0,3,3	242	39
2226	7,26,10,11	33,19,14,11	6,12,0,3	16,22,25,12	330	39
2227	38,32,9,38	2,0,0,0	44,41,24,30	0,0,0,0	307	39
2228	38,32,9,38	94,28,42,26	43,47,22,31	42,49,31,36	307	39
2230	6,13,7,0	24,26,23,16	4,5,11,1	24,8,18,20	158	39
2231	76,37,32,28	0,0,0,0	41,54,36,39	0,0,1,0	172	39
2239	0,0,0,1	2,0,1,7	0,0,0,0	1,3,3,0	43	39
2240	35,27,50,22	53,67,51,25	12,17,32,33	68,97,42,75	52	39
2241	4,8,18,12	17,15,45,18	6,21,2,5	36,14,8,14	52	39
2242	4218,2360,3751,2307	23,6,0,0	2517,2801,2063,2762	4,7,6,8	72	39
2246	4,17,13,5	4,0,5,3	1,3,0,0	0,11,2,2	53	39
2247	0,1,3,0	18,0,7,0	0,0,2,0	1,4,3,0	145	39
2250	0,6,0,0	31,23,39,7	21,12,8,22	36,9,20,21	1383	39
2253	2,14,3,5	134,82,63,56	3,2,4,2	63,77,46,72	48	39
2254	2,0,0,0	17,17,30,14	0,0,0,0	21,25,3,8	132	39
2256	0,0,0,0	22,24,12,57	5,0,0,0	24,41,24,27	55	39
2257	4,5,0,3	15,18,41,19	3,2,3,0	28,5,14,23	45	39
2263	89,59,76,70	0,0,0,0	46,80,57,65	0,0,0,1	73	39
2267	45,67,65,30	43,21,34,29	50,44,34,42	12,28,24,33	191	39
2268	82,54,61,39	2,3,0,0	26,60,46,58	0,0,2,0	238	39
2269	10,6,13,9	23,3,13,9	10,7,7,14	5,8,7,0	48	39
2271	0,2,0,1	53,53,14,14	0,0,0,0	26,17,12,11	72	39
2272	33,25,32,22	3,2,23,5	7,15,23,12	1,1,1,9	69	39
2274	0,3,0,5	6,14,15,5	0,0,0,0	22,19,6,6	43	39
2275	19,8,14,9	58,58,52,70	3,7,1,10	62,52,38,61	73	39
2276	2,4,1,1	39,24,48,15	6,4,1,1	40,16,29,25	95	39
2280	6,0,1,2	2,0,3,1	7,0,0,0	4,6,2,0	69	39
2281	65,17,48,23	9,2,2,0	21,36,14,20	2,0,6,3	62	39
2283	31,5,21,14	3,0,0,0	9,10,23,36	0,0,0,0	124	39
2284	6,0,5,0	24,6,40,13	0,2,0,3	21,24,16,11	45	39
2292	17,4,4,22	0,1,0,0	26,2,7,0	0,0,0,2	70	39
2293	97,39,48,78	0,1,0,0	54,47,36,30	0,0,0,2	166	39
2296	0,0,0,0	1,3,0,0	0,0,1,0	0,0,0,5	120	39
2298	47,43,70,22	0,0,3,0	52,25,42,40	0,0,0,0	44	39
2299	14,17,9,3	61,25,65,40	21,16,12,20	33,51,53,39	103	39
2302	82,62,79,47	0,0,6,6	55,62,76,48	0,0,0,0	162	39
2303	0,0,0,0	0,2,0,0	2,0,0,0	0,0,0,5	65	39
2305	4,11,26,6	5,0,0,3	10,9,14,12	0,16,2,2	299	39
2306	200,132,143,103	1,0,0,6	114,152,101,129	0,4,0,0	53	39
2308	18,22,8,3	14,2,16,0	17,17,9,20	7,3,6,7	56	39
2313	0,2,0,3	0,0,0,0	2,0,4,0	0,4,6,0	48	39
2316	3,2,0,0	6,0,0,0	0,0,0,0	0,0,2,2	100	39
2321	18,15,5,0	60,52,68,34	12,18,11,13	32,25,32,20	111	39
2322	11,7,16,12	7,3,16,2	17,11,20,15	0,0,1,0	210	39
2323	7,3,0,0	6,9,7,0	0,1,1,6	8,8,7,4	144	39
2326	13,1,4,0	91,113,58,48	3,16,1,10	75,113,63,57	66	39
2327	650,615,465,436	0,0,0,6	590,710,547,618	0,0,0,0	212	39
2328	10,10,11,6	0,3,4,4	11,12,4,12	1,2,0,0	149	39
2330	11,12,17,5	2,0,1,0	12,11,3,9	0,3,1,0	149	39
2333	93,63,109,64	5,0,0,4	81,89,75,91	2,0,5,4	182	39
2334	13,18,24,15	12,9,12,13	16,17,18,20	16,31,19,14	86	39
2336	14,20,14,7	29,11,24,29	13,19,10,3	20,0,18,8	102	39
2337	2,0,1,7	3,0,3,0	2,13,0,0	3,0,3,1	122	39
2338	1092,922,1137,947	5,10,9,8	932,839,806,976	7,0,4,0	525	39
2341	81,42,91,56	2,0,3,0	43,42,35,44	0,4,2,0	134	39
2343	6,0,3,0	1,0,0,0	0,0,0,0	0,0,0,3	45	39
2344	6,0,0,0	0,2,6,0	0,5,0,0	0,0,0,0	101	39
2346	0,1,2,4	30,16,9,20	0,4,0,0	14,3,13,10	85	39
2347	0,0,0,0	0,9,9,4	0,0,0,2	2,14,2,6	43	39
2348	31,48,19,28	0,0,0,0	49,72,19,37	3,0,0,0	2661	39
2350	8,2,0,4	5,8,0,7	2,0,0,0	4,12,1,0	45	39
2351	31,16,19,22	0,0,4,5	17,23,11,17	0,0,0,0	43	39
2352	4,6,0,0	34,32,15,22	9,10,2,0	17,21,12,21	95	39
2353	1070,617,879,510	0,4,0,0	776,748,506,737	0,0,0,0	415	39
2355	1,0,0,0	15,3,9,14	0,5,4,0	14,2,14,2	103	39
2356	13,1,8,3	15,5,16,0	3,5,2,0	9,2,5,7	43	39
2357	139,155,67,47	29,11,3,7	70,60,45,97	10,23,10,5	366	39
2359	0,0,0,6	9,5,3,2	3,7,0,0	1,0,0,3	51	39
2360	0,0,4,1	20,22,24,4	1,5,3,0	31,11,6,32	65	39
2366	16,18,20,20	82,86,96,74	19,16,12,13	70,108,61,64	356	39
2368	184,135,229,234	7,4,4,2	226,301,191,294	11,19,11,6	109	39
2369	18,4,3,4	24,36,44,6	0,9,0,4	24,14,34,35	49	39
2370	9,0,4,0	16,8,2,10	5,2,0,0	9,0,0,5	64	39
2371	0,0,5,1	19,19,28,8	5,0,2,0	12,7,8,5	81	39
2373	51,16,15,22	0,0,4,0	32,33,21,15	1,0,0,0	61	39
2375	1,6,5,5	262,155,226,171	0,0,4,4	163,232,192,162	63	39
2376	3,7,4,1	4,1,0,2	0,0,4,0	5,0,6,8	63	39
2377	165,133,156,95	3,0,0,0	94,127,102,131	0,0,0,0	190	39
2380	144,119,155,66	0,0,0,0	146,151,130,136	1,0,0,0	916	39
2383	0,0,5,0	12,6,8,0	2,0,0,0	5,7,5,2	133	39
2385	0,0,0,0	0,8,0,2	0,0,4,0	9,3,4,6	144	39
2391	10,0,20,0	19,19,13,7	9,5,1,7	7,7,3,5	65	39
2398	6,0,22,0	16,14,51,22	3,0,0,8	31,30,31,44	428	39
2399	101,66,44,34	0,0,0,0	80,39,49,52	0,12,0,0	143	39
2400	0,0,0,0	11,8,29,5	7,4,1,0	8,3,4,10	62	39
2404	12,8,12,0	72,24,51,29	12,18,9,5	24,61,31,29	317	39
2405	0,0,0,0	29,19,10,11	1,1,0,4	19,13,20,11	43	39
2407	2,2,0,2	4,15,10,6	0,0,1,0	1,4,1,5	67	39
2411	4,2,0,0	2,2,0,0	0,0,0,0	0,0,0,3	142	39
2412	143,88,41,37	0,4,0,0	74,68,85,70	2,0,0,2	90	39
2413	62,65,73,33	19,11,14,7	62,43,27,25	10,22,8,19	78	39
2414	1,0,0,0	1,2,0,0	3,0,0,0	2,0,0,0	50	39
2415	0,0,0,0	1,0,0,0	2,0,0,2	0,0,0,0	69	39
2416	21,18,24,10	0,1,0,0	7,9,4,24	3,0,0,0	71	39
2417	3,5,2,1	134,50,94,34	4,3,4,8	51,95,66,58	62	39
2418	323,241,301,200	6,0,0,0	249,197,177,226	0,0,0,0	1450	39
2419	5,2,6,4	2,0,0,0	3,4,0,2	2,0,0,0	42	39
2420	1609,820,1351,913	0,0,0,0	959,936,808,914	1,0,0,0	1627	39
2421	12,9,16,0	34,21,35,15	7,10,7,4	30,16,10,44	117	39
2424	70,25,67,51	5,7,8,7	42,27,20,40	0,10,8,2	99	39
2425	0,11,0,0	0,0,0,6	0,0,3,3	0,0,1,0	51	39
2426	18,14,6,6	47,13,18,17	6,0,12,8	4,15,9,15	72	39
2428	23,17,23,5	6,6,0,5	9,32,9,21	0,13,1,0	113	39
2429	16,11,19,4	218,173,185,198	5,12,6,16	182,177,147,144	108	39
2430	13,0,0,0	2,0,3,1	5,0,6,0	5,13,4,2	148	39
2431	3,3,0,0	0,1,0,0	0,0,0,4	0,0,0,0	161	39
2433	27,14,16,2	0,0,0,0	20,12,7,12	0,7,0,0	57	39
2434	16,13,3,2	0,2,0,0	6,3,5,11	0,0,0,0	57	39
2435	15,16,3,2	0,1,1,0	7,3,7,4	0,0,0,3	57	39
2440	0,0,0,0	5,0,1,0	1,0,0,0	5,1,4,1	55	39
2442	28,7,3,12	0,0,0,0	5,16,12,21	1,0,0,0	68	39
2443	8,2,14,18	79,70,81,45	5,11,4,15	52,89,46,78	233	39
2444	5,3,7,0	1,1,0,0	0,2,7,0	2,0,2,0	60	39
2445	1,5,12,4	0,1,0,3	2,0,0,1	2,0,0,0	54	39
2449	110,16,55,24	11,7,2,6	19,57,40,35	6,2,4,4	265	39
2450	43,16,10,5	2,0,0,3	23,25,17,10	4,5,3,0	49	39
2451	365,222,324,164	0,2,0,1	305,333,209,229	0,0,0,6	144	39
2456	82,30,54,53	0,3,0,1	87,49,74,79	0,0,4,0	550	39
2457	33,25,34,20	342,166,286,130	9,31,4,12	200,204,159,152	43	39
2459	0,1,2,7	138,70,96,83	0,0,1,1	73,101,54,91	68	39
2460	1,0,1,0	15,2,16,0	0,0,0,4	5,0,5,2	72	39
2461	702,499,707,324	1,0,0,0	414,499,320,367	0,0,0,0	457	39
2463	134,116,208,97	0,0,0,0	107,67,104,97	1,0,0,0	215	39
2468	29,10,16,3	32,18,60,18	19,10,6,20	28,22,35,11	65	39
2469	5,22,6,2	5,1,3,0	3,3,0,0	3,0,0,0	43	39
2471	54,34,22,21	3,0,0,4	29,42,23,9	5,1,0,0	306	39
2473	17,6,8,2	4,12,3,3	9,7,7,15	8,3,10,9	45	39
2474	168,90,95,108	61,42,47,39	113,125,54,59	58,46,32,11	177	39
2475	0,3,0,0	6,8,1,0	2,5,0,0	4,0,4,0	79	39
2476	24,4,10,26	0,4,2,2	14,18,0,10	1,13,12,0	133	39
2480	0,4,0,0	29,20,32,9	0,0,6,0	18,20,5,25	78	39
2483	2,0,0,0	0,0,0,3	0,0,0,1	0,0,0,0	66	39
2488	6,1,4,3	75,45,38,19	2,0,2,4	38,31,36,39	139	39
2489	46,43,19,36	0,7,7,2	22,6,32,12	7,6,0,7	169	39
2492	14,15,9,2	83,28,71,37	2,8,2,2	50,30,42,34	49	39
2494	4,0,0,0	1,11,0,0	1,0,0,0	3,5,4,0	201	39
2495	1,4,2,10	17,5,14,9	0,11,5,17	2,14,4,6	110	39
2497	211,163,217,123	26,21,13,11	135,181,166,150	10,3,8,7	168	39
2498	177,128,173,102	26,21,13,11	98,118,133,121	10,3,8,7	170	39
2500	147,65,88,63	1177,703,1063,549	49,71,49,68	629,670,554,830	73	39
2501	2,1,0,0	52,23,46,20	4,3,0,4	37,38,30,42	89	39
2502	0,0,0,0	1,0,0,0	0,4,0,0	7,4,1,3	185	39
2505	5,0,0,2	13,6,7,4	0,7,0,0	5,0,0,6	52	39
2507	2,0,0,0	13,1,0,0	0,0,1,0	1,5,3,0	120	39
2508	46,49,50,37	26,8,27,7	32,29,35,23	7,4,5,10	48	39
2510	2,5,3,0	13,19,8,9	5,0,3,0	6,1,18,9	97	39
2511	1,1,0,0	3,1,1,0	2,0,0,0	0,0,2,6	44	39
2513	0,0,0,0	3,4,5,2	4,4,0,0	4,1,6,7	147	39
2515	46,34,65,18	2,0,7,0	44,55,44,36	1,0,2,0	96	39
2516	119,89,109,56	17,19,8,11	63,129,62,68	10,19,15,8	141	39
2517	401,234,310,201	8,3,1,0	249,255,265,288	9,0,0,0	378	39
2519	14,18,12,13	36,30,43,12	9,0,11,0	26,26,36,27	84	39
2521	142,78,119,73	24,8,10,15	85,89,86,97	12,15,21,3	70	39
2524	36,14,13,16	0,4,0,0	43,32,11,31	0,5,3,0	78	39
2527	5,0,0,5	0,2,0,0	3,0,0,0	4,0,0,2	226	39
2528	5,4,6,6	40,25,12,14	2,4,1,6	15,39,20,22	43	39
2531	12,2,3,0	1,3,0,0	0,8,3,0	1,0,0,0	117	39
2533	0,0,1,0	7,0,5,2	2,6,4,3	6,1,5,9	120	39
2535	15,16,4,0	0,0,0,0	13,0,5,7	1,0,0,0	45	39
2537	18,4,5,0	1,0,4,0	0,6,6,2	0,0,0,4	224	39
2540	0,0,0,1	7,9,0,0	0,0,2,0	9,4,1,0	47	39
2542	20,7,17,0	4,0,0,0	8,8,18,26	3,6,0,0	1763	39
2543	51,29,59,32	5,0,15,15	43,39,29,80	3,17,2,0	155	39
2544	49,19,17,11	4,2,1,0	28,17,13,16	0,1,0,0	101	39
2546	497,281,338,224	2,0,0,0	260,314,188,287	4,0,0,0	525	39
2548	79,54,127,97	1,2,3,4	88,58,31,75	5,0,0,1	195	39
2550	0,10,9,1	8,9,12,2	2,9,3,4	5,7,6,2	51	39
2552	3,0,0,0	64,46,33,25	0,6,0,0	38,21,33,38	111	39
2554	25,1,11,5	67,59,34,37	11,10,8,4	36,60,16,49	99	39
2555	485,331,296,256	0,0,0,0	296,477,270,343	1,0,0,0	257	39
2556	9,0,7,0	43,14,9,14	1,7,6,0	15,25,12,16	161	39
2557	0,1,2,4	57,36,51,59	0,7,6,11	44,41,34,68	103	39
2558	2,4,0,2	2,0,0,0	5,5,3,0	0,0,2,0	124	39
2559	3,4,3,12	26,30,2,14	1,22,2,6	7,8,5,4	58	39
2561	620,410,422,367	0,8,0,0	279,363,223,284	3,3,5,0	1836	39
2564	18,5,29,6	22,19,6,8	1,1,5,11	0,6,5,18	70	39
2566	7,0,0,0	15,7,10,5	7,0,0,0	4,0,3,12	43	39
2571	379,225,526,316	0,0,0,4	527,493,399,465	0,0,0,3	144	39
2574	8,1,5,0	26,9,24,24	0,11,4,3	10,43,20,29	108	39
2575	20,3,13,1	32,16,32,18	4,1,3,0	24,26,23,25	106	39
2577	100,52,67,68	0,0,0,0	54,86,36,56	1,0,0,0	334	39
2578	181,91,101,114	0,0,0,0	102,116,66,111	0,3,0,0	501	39
2579	81,39,34,46	0,0,0,0	49,30,30,55	0,3,0,0	206	39
2582	77,66,71,59	0,0,0,0	52,19,41,25	2,0,0,0	91	39
2583	3,0,0,0	16,0,2,0	6,0,0,6	0,0,5,6	43	39
2585	357,252,194,147	0,0,5,0	282,241,125,206	0,0,0,0	1384	39
2586	39,22,29,6	0,0,2,4	27,41,21,29	0,0,0,1	107	39
2589	18,6,15,17	42,17,29,27	2,1,5,10	26,29,14,35	45	39
2591	0,4,0,2	2,3,9,0	2,0,0,0	1,6,4,5	43	39
2592	10,3,14,3	9,12,16,8	0,9,5,0	13,30,18,20	49	39
2593	1,0,0,0	0,3,0,0	0,0,0,0	1,2,0,0	47	39
2594	0,0,0,0	3,6,2,1	2,0,0,0	6,18,6,3	48	39
2595	0,1,0,0	27,6,18,14	0,0,0,0	18,24,8,16	44	39
2600	3,0,0,6	42,42,74,39	0,0,3,2	60,67,53,54	43	39
2602	24,34,25,22	1,0,11,1	41,26,18,22	2,5,0,0	267	39
2604	95,85,67,64	5,3,16,5	77,87,62,89	4,0,1,6	72	39
2605	7,2,6,6	3,3,2,2	5,6,3,1	2,0,2,3	51	39
2610	115,81,64,43	21,16,12,21	74,55,52,48	14,4,12,10	45	39
2612	0,0,0,0	8,0,2,13	5,0,1,0	9,5,7,1	525	39
2614	128,103,79,69	1,2,0,0	64,54,67,57	0,0,0,0	2030	39
2622	57,32,68,9	1,0,0,0	47,32,37,13	3,0,0,2	159	39
2624	24,19,9,3	4,0,0,5	35,39,1,24	10,0,0,13	53	39
2627	2,7,12,0	8,0,0,0	7,12,15,3	0,0,1,0	109	39
2628	1,1,0,0	0,2,5,0	0,5,2,5	0,0,0,3	152	39
2629	21,2,19,3	0,0,0,0	14,9,12,7	0,0,1,5	270	39
2632	239,177,141,74	2,0,0,0	120,126,126,84	0,0,0,0	305	39
2638	178,87,139,67	0,7,0,0	78,117,57,87	2,0,0,0	91	39
2639	96,70,109,72	0,0,4,11	55,50,59,61	2,1,2,4	494	39
2640	0,0,5,0	5,6,4,0	0,0,2,0	4,3,4,3	99	39
2641	25,28,36,24	224,151,167,91	35,41,8,13	128,158,135,173	64	39
2644	2,6,9,0	18,20,53,19	3,2,0,0	14,18,17,10	55	39
2645	58,26,53,56	6,11,19,11	28,64,37,103	4,5,8,35	84	39
2646	0,0,0,0	14,9,7,2	0,0,1,0	8,16,4,7	61	39
2650	4,4,0,0	19,21,7,9	6,14,1,0	17,4,12,12	60	39
2651	2,7,12,8	19,9,16,24	4,16,2,14	9,21,13,21	402	39
2652	16,8,27,20	59,27,49,49	16,23,7,13	17,38,53,53	72	39
2654	80,49,47,54	18,0,4,5	82,57,58,34	7,13,5,16	87	39
2656	18,10,10,7	0,0,0,0	7,9,10,4	3,0,1,0	77	39
2659	42,22,36,16	0,6,0,0	20,38,16,11	0,3,0,0	137	39
2661	2,0,0,0	0,1,0,0	0,0,0,0	1,0,0,0	43	39
2662	0,0,0,0	1,0,2,0	1,5,0,0	2,9,0,1	62	39
2664	1,0,4,0	0,0,0,0	2,0,4,0	0,0,0,1	269	39
2669	0,2,0,0	18,6,23,16	0,0,0,0	14,1,12,2	46	39
2671	0,0,4,2	177,119,165,77	0,0,0,0	97,122,90,103	142	39
2673	0,1,0,0	9,7,14,11	2,5,5,0	11,14,8,9	44	39
2674	32,16,20,5	22,10,32,22	9,27,20,8	32,11,20,29	520	39
2678	13,13,6,3	10,5,0,1	9,0,3,3	11,10,3,0	138	39
2681	1,0,0,0	5,2,11,7	5,0,0,0	3,10,6,2	366	39
2684	0,0,0,0	4,1,20,11	0,5,0,4	4,10,8,0	112	39
2685	257,201,157,135	6,0,6,11	152,262,178,139	2,0,0,3	579	39
2687	0,5,2,0	80,35,55,25	0,0,0,0	10,15,28,19	54	39
2694	4,0,0,0	96,34,81,10	0,0,0,4	43,25,51,55	73	39
2697	0,2,0,14	5,0,0,0	0,4,1,0	3,0,1,5	132	39
2698	58,35,36,9	0,1,0,0	37,50,38,31	0,0,0,0	160	39
2701	47,11,51,46	0,0,0,0	44,54,26,52	2,0,0,1	508	39
2704	24,11,11,15	11,6,5,0	20,5,8,17	2,2,1,5	92	39
2705	53,15,10,20	14,13,29,13	27,28,9,21	18,3,16,21	92	39
2707	9,8,9,0	28,5,24,19	4,6,3,4	18,16,7,12	258	39
2708	34,7,13,5	3,16,3,6	13,19,30,33	11,5,4,1	194	39
2709	25,14,11,9	132,87,104,51	20,26,25,15	67,76,52,94	44	39
2712	78,50,52,19	1,0,1,0	23,11,40,31	2,0,5,0	73	39
2714	70,26,22,21	27,21,17,9	35,35,45,59	22,14,13,6	78	39
2716	4,0,0,0	2,1,4,8	1,0,2,0	7,1,0,6	43	39
2718	1,4,0,0	19,16,17,15	1,0,1,3	16,20,13,20	95	39
2720	0,0,0,0	0,3,1,0	0,5,0,0	3,0,1,0	46	39
2721	228,140,171,129	3,0,5,0	113,102,71,88	1,0,0,0	43	39
2724	0,0,0,3	9,1,3,1	0,5,0,0	13,13,1,2	67	39
2725	8,8,13,24	0,0,0,0	6,24,17,13	0,0,0,4	778	39
2727	5,9,0,0	0,2,0,0	0,12,0,0	0,0,0,0	143	39
2729	0,0,3,0	0,0,0,0	0,0,0,0	0,0,0,1	116	39
2730	226,118,194,85	2,0,2,0	117,113,119,164	6,0,0,0	353	39
2731	2,0,0,0	0,6,0,0	0,0,0,0	0,5,4,6	134	39
2736	0,20,21,0	0,0,0,0	6,17,6,22	1,0,0,0	863	39
2749	25,8,5,5	1,0,0,0	17,8,19,5	0,0,0,0	44	39
2750	8,1,0,1	16,14,34,13	7,6,3,3	6,3,7,21	330	39
2751	169,90,190,90	4,5,0,1	106,161,126,123	0,1,0,0	86	39
2755	84,42,43,60	0,0,0,0	35,24,35,53	1,0,3,0	65	39
2757	313,183,216,190	1,12,0,5	174,280,137,145	0,11,4,1	2578	39
2759	352,215,482,221	0,3,2,0	315,420,293,308	0,0,3,2	454	39
2760	155,108,203,130	0,0,0,1	163,260,158,139	0,0,1,0	103	39
2765	488,341,514,317	5,8,0,0	302,390,324,371	0,0,0,2	189	39
2768	147,127,149,83	2,0,0,0	82,125,93,82	2,0,2,1	112	39
2772	109,126,114,102	2732,2512,4152,2615	65,136,107,136	2234,2850,2171,2300	197	39
2773	0,2,0,5	38,29,26,7	8,1,1,10	22,29,20,42	43	39
2774	47,22,40,18	5,0,3,0	30,25,25,29	5,0,0,2	55	39
2775	0,0,0,2	21,27,5,14	2,0,0,0	24,13,15,14	107	39
2780	0,5,3,0	11,6,0,7	9,1,2,10	1,3,11,5	367	39
2785	2,4,0,4	3,0,0,0	0,1,9,0	0,0,0,0	84	39
2786	42,61,16,4	16,14,12,3	27,35,11,14	9,12,3,2	881	39
2787	2,8,0,5	9,5,3,0	4,0,10,1	3,6,1,0	178	39
2788	17,17,1,16	21,2,21,14	14,12,18,7	4,21,8,14	203	39
2789	24,14,4,11	21,2,21,14	13,18,9,6	4,21,8,14	64	39
2790	2,0,0,0	29,7,22,23	1,0,0,0	17,11,10,17	45	39
2792	96,52,41,39	0,0,0,3	52,32,38,59	0,0,0,0	54	39
2794	39,46,36,12	4,0,5,1	34,52,31,31	0,0,1,10	49	39
2797	16,5,21,3	10,1,1,1	7,11,4,14	4,1,5,6	63	39
2798	8,2,6,2	0,0,0,0	4,2,2,14	0,0,2,0	63	39
2799	0,0,0,0	53,65,43,57	0,0,0,1	34,59,34,52	141	39
2801	0,0,0,0	21,19,11,6	1,0,0,0	4,1,10,5	48	39
2802	7,6,7,8	1,11,0,0	17,13,3,6	4,0,0,2	170	39
2804	1,0,0,0	4,1,0,0	0,0,3,0	0,0,1,0	64	39
2806	5500,3543,3967,2215	12,7,1,0	2568,3599,2389,3063	5,2,4,4	1371	39
2807	8,0,8,1	87,65,114,27	1,0,0,0	62,53,39,21	102	39
2809	620,493,727,635	0,4,0,0	514,492,434,552	0,0,0,0	668	39
2812	2,1,0,0	7,5,19,10	5,0,0,4	8,4,8,4	127	39
2813	1,0,0,0	5,1,2,0	0,0,0,6	5,2,1,2	223	39
2815	5,7,14,2	40,25,35,6	8,2,3,5	15,15,25,16	120	39
2820	0,0,0,0	14,16,13,5	0,0,0,2	4,3,5,6	107	39
2821	2,0,1,0	4,6,17,6	1,0,0,2	5,17,7,7	150	39
2823	10,3,25,11	459,384,372,286	18,14,4,4	352,403,249,444	142	39
2824	0,0,2,0	0,2,1,0	0,0,0,0	1,2,2,13	44	39
2828	6,0,0,3	16,5,10,10	1,0,0,0	15,12,7,5	49	39
2830	6,10,11,0	5,7,12,0	8,0,6,10	5,8,3,5	166	39
2831	36,17,26,9	0,5,0,0	18,14,26,18	9,0,6,4	159	39
2832	451,219,437,200	6,7,0,2	306,370,215,303	0,0,10,0	125	39
2834	0,6,3,7	64,47,14,21	2,5,0,0	33,46,32,40	70	39
2835	1,2,0,0	26,30,27,56	0,0,2,0	32,37,24,37	94	39
2838	19,5,4,5	11,9,4,4	9,9,5,8	11,18,8,21	109	39
2840	9,5,0,6	9,11,14,2	0,13,4,12	0,4,0,1	58	39
2844	6,1,6,0	0,0,0,0	10,12,3,11	0,0,2,1	603	39
2845	0,2,0,0	0,0,11,7	0,0,0,0	6,0,1,4	146	39
2847	0,0,0,0	18,10,36,7	0,0,2,0	10,19,12,19	82	39
2849	707,543,272,262	9,5,4,6	510,503,377,318	0,0,3,0	2715	39
2853	70,126,63,47	3,0,0,0	75,110,47,105	0,3,0,0	167	39
2860	15,3,3,0	6,6,6,0	1,3,3,0	0,5,10,10	43	39
2864	25,4,19,3	37,16,37,8	14,8,9,2	19,6,10,10	93	39
2866	59,43,100,35	3,9,3,2	41,90,64,102	0,2,13,2	61	39
2867	3,23,21,9	13,10,8,5	16,9,17,15	7,9,3,4	277	39
2870	6,0,3,0	0,0,0,0	0,0,0,0	2,0,1,0	179	39
2871	6,0,3,0	0,0,0,0	0,0,0,0	2,0,1,0	90	39
2874	9,11,16,5	3,0,0,2	16,3,10,5	0,0,0,0	76	39
2875	7,5,6,5	3,0,0,2	10,3,10,4	0,0,0,0	114	39
2877	77,51,69,32	0,0,2,0	44,81,30,79	0,0,0,0	378	39
2879	25,27,37,25	0,0,0,0	25,22,13,18	0,0,0,1	258	39
2881	5,1,0,2	12,3,4,5	1,0,0,0	8,17,7,7	65	39
2882	35,2,6,4	0,0,0,0	1,14,1,5	0,6,0,0	46	39
2883	172,171,153,132	0,0,0,0	123,176,144,141	2,0,0,0	74	39
2884	77,47,86,26	0,3,0,0	61,91,38,71	0,0,0,0	353	39
2885	12,5,6,1	0,1,0,0	4,6,2,5	0,5,0,0	145	39
2886	10,5,3,4	4,0,0,5	4,9,6,0	5,3,0,0	1053	39
2887	0,2,5,0	22,22,12,17	0,0,0,3	15,18,11,29	83	39
2890	0,6,0,4	0,0,0,0	0,3,0,2	0,0,1,0	257	39
2891	75,29,38,54	17,11,12,7	32,91,55,42	7,10,3,10	291	39
2892	183,131,148,126	0,3,0,0	133,143,110,106	0,0,4,0	120	39
2893	396,255,225,157	2,0,0,0	157,255,169,229	0,0,0,0	392	39
2894	42,16,21,12	107,117,136,115	13,19,6,28	115,112,113,113	53	39
2895	63,48,47,15	36,21,57,18	30,20,13,24	23,22,15,30	190	39
2896	253,108,114,121	3,1,0,0	170,151,158,172	2,3,3,0	47	39
2898	47,41,30,31	0,3,0,0	17,62,34,30	3,0,0,0	106	39
2899	27,34,22,24	1,0,0,0	24,28,17,35	0,0,0,0	655	39
2902	11,17,6,3	16,14,10,15	12,8,9,12	33,41,25,14	42	39
2903	4,2,0,3	0,0,0,2	0,3,1,9	1,0,0,4	64	39
2906	23,3,3,1	0,0,2,0	17,8,11,12	0,0,0,0	110	39
2907	8,0,4,8	33,16,22,12	4,0,3,1	13,11,21,26	44	39
2908	19,8,14,5	11,8,3,1	6,12,6,3	8,3,3,4	75	39
2909	10,10,1,5	3,3,0,0	16,14,5,7	2,0,0,0	126	39
2911	26,39,26,21	8,3,11,0	10,67,17,47	4,3,4,11	372	39
2912	6,2,0,0	4,2,4,9	0,3,0,1	0,4,5,0	94	39
2913	1,3,0,0	0,0,2,0	9,6,3,2	4,2,2,2	60	39
2915	2,7,4,10	1,2,3,3	2,13,3,13	5,11,2,8	64	39
2916	63,38,47,6	0,1,0,0	43,42,17,35	0,0,0,0	227	39
2918	0,3,0,0	10,12,23,8	0,0,0,0	4,31,13,18	140	39
2919	1,0,0,0	8,0,15,3	0,7,2,0	4,0,3,3	48	39
2920	7,0,0,1	3,0,4,0	0,0,0,0	1,3,1,0	88	39
2921	7,2,0,3	2,4,0,0	9,2,1,0	7,3,3,1	150	39
2922	599,322,445,262	0,0,0,0	316,335,227,378	0,3,0,0	48	39
2923	29,23,24,29	33,14,80,2	8,8,8,14	25,21,25,18	348	39
2927	12,8,30,22	15,4,5,12	33,20,16,25	3,3,11,0	45	39
2930	8,11,2,0	46,19,21,20	3,8,0,5	33,20,27,38	86	39
2931	6,0,0,0	44,11,31,29	1,0,0,0	30,20,14,9	60	39
2933	0,2,0,0	4,0,2,1	1,0,0,0	0,0,0,0	147	39
2937	140,171,179,112	11,5,0,0	177,112,75,126	2,0,0,0	2236	39
2938	0,0,0,0	14,8,15,3	0,0,1,0	17,2,9,12	50	39
2939	10,6,17,2	0,1,0,0	2,0,7,7	5,0,0,0	54	39
2940	2,5,0,16	0,6,0,0	0,0,2,0	3,0,0,0	49	39
2941	18,20,18,5	11,6,0,15	19,8,9,19	7,7,2,7	48	39
2942	4,17,10,21	1,1,0,0	13,9,1,8	3,0,4,0	99	39
2943	13,3,13,1	0,0,0,0	14,24,12,13	2,0,0,0	753	39
2947	3,1,1,2	5,0,12,3	6,0,1,2	3,5,2,3	48	39
2950	15,21,0,9	0,3,0,0	9,5,2,9	1,0,4,0	124	39
2953	3,8,9,0	0,0,0,0	3,0,3,9	0,1,0,0	228	39
2954	2,10,2,3	0,0,0,3	5,0,4,4	2,0,1,0	52	39
2955	63,76,70,28	3,0,0,0	69,37,27,61	0,0,2,0	121	39
2956	0,8,0,0	11,20,19,14	1,7,6,8	20,5,8,18	244	39
2957	52,64,51,14	0,0,0,0	50,39,25,48	1,0,0,0	326	39
2959	49,32,67,33	3,3,3,0	41,55,37,46	6,0,5,4	188	39
